        2	2022-03-14 13:04:37	1	0	1	0
        2	2022-03-15 12:00:17	1	0	1	0
       13	2022-03-15 12:56:57	1	0	1	0
        6	2022-03-15 18:43:52	1	0	1	0
        1	2022-03-15 18:43:58	1	0	1	0
        8	2022-03-16 08:12:45	1	0	1	0
       14	2022-03-16 08:27:15	1	0	1	0
        7	2022-03-16 08:45:49	1	0	1	0
        2	2022-03-16 08:51:23	1	0	1	0
        3	2022-03-16 08:52:13	1	0	1	0
       13	2022-03-16 08:59:20	1	0	1	0
       10	2022-03-16 09:01:06	1	0	1	0
       11	2022-03-16 09:01:22	1	0	1	0
        6	2022-03-16 09:03:12	1	0	1	0
       12	2022-03-16 09:03:15	1	0	1	0
        4	2022-03-16 10:55:41	1	0	1	0
        3	2022-03-16 18:46:35	1	0	1	0
        3	2022-03-16 18:46:37	1	0	1	0
       14	2022-03-17 08:01:12	1	0	1	0
        8	2022-03-17 08:26:49	1	0	1	0
        6	2022-03-17 08:26:59	1	0	1	0
        7	2022-03-17 08:37:09	1	0	1	0
       10	2022-03-17 08:40:29	1	0	1	0
       12	2022-03-17 08:42:07	1	0	1	0
        3	2022-03-17 08:49:22	1	0	1	0
       11	2022-03-17 09:06:20	1	0	1	0
        4	2022-03-17 09:11:02	1	0	1	0
        2	2022-03-17 09:15:35	1	0	1	0
        1	2022-03-17 09:17:40	1	0	1	0
       13	2022-03-17 14:08:46	1	0	1	0
        3	2022-03-17 18:12:48	1	0	1	0
       14	2022-03-18 08:14:50	1	0	1	0
        8	2022-03-18 08:24:12	1	0	1	0
       13	2022-03-18 08:42:51	1	0	1	0
        7	2022-03-18 08:45:29	1	0	1	0
        3	2022-03-18 08:46:40	1	0	1	0
        1	2022-03-18 08:47:29	1	0	1	0
        9	2022-03-18 08:58:35	1	0	1	0
       12	2022-03-18 08:59:06	1	0	1	0
       10	2022-03-18 09:00:51	1	0	1	0
        6	2022-03-18 09:04:39	1	0	1	0
        2	2022-03-18 09:13:16	1	0	1	0
       11	2022-03-18 11:39:01	1	0	1	0
        4	2022-03-18 11:39:12	1	0	1	0
        8	2022-03-18 18:00:30	1	0	1	0
        3	2022-03-18 18:08:41	1	0	1	0
        1	2022-03-18 18:10:11	1	0	1	0
        7	2022-03-18 18:41:06	1	0	1	0
        9	2022-03-18 18:41:18	1	0	1	0
       10	2022-03-18 18:41:27	1	0	1	0
       14	2022-03-19 07:58:13	1	0	1	0
        1	2022-03-19 08:37:49	1	0	1	0
       10	2022-03-19 08:54:25	1	0	1	0
       13	2022-03-19 08:59:12	1	0	1	0
        6	2022-03-19 08:59:22	1	0	1	0
        3	2022-03-19 09:01:41	1	0	1	0
        2	2022-03-19 09:02:02	1	0	1	0
        8	2022-03-19 09:03:16	1	0	1	0
       11	2022-03-19 09:12:17	1	0	1	0
        4	2022-03-19 09:12:26	1	0	1	0
        9	2022-03-19 09:13:40	1	0	1	0
        3	2022-03-19 13:58:27	1	0	1	0
        8	2022-03-19 13:58:34	1	0	1	0
        1	2022-03-19 14:02:00	1	0	1	0
       14	2022-03-21 08:11:16	1	0	1	0
        7	2022-03-21 08:30:35	1	0	1	0
        8	2022-03-21 08:31:39	1	0	1	0
        3	2022-03-21 08:49:34	1	0	1	0
        6	2022-03-21 08:51:19	1	0	1	0
        1	2022-03-21 08:56:51	1	0	1	0
        2	2022-03-21 09:02:02	1	0	1	0
       10	2022-03-21 09:09:10	1	0	1	0
        9	2022-03-21 09:12:31	1	0	1	0
        8	2022-03-21 18:00:23	1	0	1	0
        1	2022-03-21 18:17:07	1	0	1	0
        6	2022-03-21 18:17:16	1	0	1	0
        3	2022-03-21 18:40:21	1	0	1	0
       14	2022-03-22 08:17:56	1	0	1	0
        8	2022-03-22 08:21:05	1	0	1	0
       12	2022-03-22 08:34:12	1	0	1	0
        3	2022-03-22 08:57:49	1	0	1	0
        3	2022-03-22 08:57:50	1	0	1	0
        2	2022-03-22 08:58:05	1	0	1	0
       10	2022-03-22 08:59:00	1	0	1	0
        6	2022-03-22 09:06:25	1	0	1	0
       13	2022-03-22 09:10:14	1	0	1	0
       11	2022-03-22 09:15:55	1	0	1	0
        9	2022-03-22 09:20:45	1	0	1	0
        8	2022-03-22 18:00:30	1	0	1	0
        3	2022-03-22 18:31:05	1	0	1	0
        7	2022-03-23 08:05:02	1	0	1	0
       14	2022-03-23 08:09:41	1	0	1	0
        6	2022-03-23 08:25:51	1	0	1	0
       10	2022-03-23 08:52:37	1	0	1	0
        8	2022-03-23 08:59:29	1	0	1	0
        3	2022-03-23 08:59:34	1	0	1	0
        2	2022-03-23 09:00:07	1	0	1	0
       12	2022-03-23 09:05:16	1	0	1	0
       12	2022-03-23 09:05:17	1	0	1	0
        9	2022-03-23 09:13:20	1	0	1	0
        9	2022-03-23 09:13:21	1	0	1	0
       11	2022-03-23 09:20:15	1	0	1	0
        1	2022-03-23 14:18:50	1	0	1	0
        8	2022-03-23 18:01:02	1	0	1	0
        3	2022-03-23 18:11:31	1	0	1	0
        6	2022-03-23 18:22:01	1	0	1	0
        1	2022-03-23 18:22:05	1	0	1	0
        7	2022-03-23 18:51:29	1	0	1	0
       14	2022-03-24 08:17:07	1	0	1	0
       16	2022-03-24 08:17:22	1	0	1	0
        8	2022-03-24 08:23:32	1	0	1	0
       12	2022-03-24 08:42:12	1	0	1	0
        7	2022-03-24 08:46:15	1	0	1	0
        3	2022-03-24 08:48:37	1	0	1	0
        3	2022-03-24 08:48:39	1	0	1	0
       13	2022-03-24 08:50:50	1	0	1	0
        1	2022-03-24 08:54:23	1	0	1	0
        9	2022-03-24 08:58:36	1	0	1	0
       10	2022-03-24 09:00:10	1	0	1	0
        2	2022-03-24 09:02:05	1	0	1	0
        6	2022-03-24 10:37:32	1	0	1	0
        8	2022-03-24 17:30:56	1	0	1	0
        3	2022-03-24 17:47:38	1	0	1	0
       14	2022-03-25 08:09:53	1	0	1	0
       12	2022-03-25 08:10:00	1	0	1	0
        8	2022-03-25 08:14:42	1	0	1	0
        1	2022-03-25 08:36:42	1	0	1	0
        2	2022-03-25 08:45:57	1	0	1	0
       10	2022-03-25 09:44:52	1	0	1	0
       13	2022-03-25 10:10:15	1	0	1	0
        8	2022-03-25 18:02:19	1	0	1	0
        1	2022-03-25 18:03:57	1	0	1	0
        3	2022-03-25 18:17:54	1	0	1	0
        7	2022-03-25 19:00:40	1	0	1	0
       14	2022-03-26 08:00:30	1	0	1	0
       13	2022-03-26 08:52:35	1	0	1	0
       13	2022-03-26 08:52:36	1	0	1	0
        8	2022-03-26 08:52:39	1	0	1	0
        3	2022-03-26 08:56:25	1	0	1	0
        3	2022-03-26 08:56:26	1	0	1	0
        7	2022-03-26 08:59:35	1	0	1	0
       11	2022-03-26 09:05:32	1	0	1	0
       10	2022-03-26 09:05:36	1	0	1	0
        6	2022-03-26 09:10:22	1	0	1	0
        2	2022-03-26 09:14:15	1	0	1	0
        9	2022-03-26 09:15:54	1	0	1	0
        9	2022-03-26 13:25:47	1	0	1	0
        3	2022-03-26 13:25:50	1	0	1	0
       14	2022-03-28 08:21:58	1	0	1	0
       16	2022-03-28 08:22:37	1	0	1	0
        7	2022-03-28 08:32:12	1	0	1	0
        3	2022-03-28 08:52:37	1	0	1	0
       12	2022-03-28 08:53:11	1	0	1	0
        1	2022-03-28 08:55:13	1	0	1	0
       10	2022-03-28 08:59:42	1	0	1	0
        2	2022-03-28 09:07:17	1	0	1	0
       13	2022-03-28 09:15:27	1	0	1	0
        9	2022-03-28 09:17:06	1	0	1	0
        8	2022-03-28 13:33:59	1	0	1	0
        8	2022-03-28 17:59:44	1	0	1	0
        7	2022-03-28 18:30:30	1	0	1	0
        3	2022-03-28 18:45:08	1	0	1	0
       14	2022-03-29 08:06:18	1	0	1	0
       16	2022-03-29 08:06:32	1	0	1	0
        7	2022-03-29 08:36:53	1	0	1	0
        8	2022-03-29 08:36:56	1	0	1	0
       10	2022-03-29 08:41:55	1	0	1	0
       12	2022-03-29 08:42:18	1	0	1	0
        3	2022-03-29 08:57:01	1	0	1	0
        3	2022-03-29 09:03:33	1	0	1	0
        2	2022-03-29 09:04:18	1	0	1	0
        9	2022-03-29 09:10:25	1	0	1	0
        1	2022-03-29 14:06:08	1	0	1	0
        1	2022-03-29 17:34:11	1	0	1	0
       12	2022-03-30 08:10:16	1	0	1	0
       14	2022-03-30 08:10:42	1	0	1	0
        8	2022-03-30 08:38:03	1	0	1	0
        7	2022-03-30 08:51:50	1	0	1	0
       10	2022-03-30 08:55:41	1	0	1	0
        3	2022-03-30 08:58:07	1	0	1	0
        2	2022-03-30 09:00:56	1	0	1	0
       13	2022-03-30 09:01:34	1	0	1	0
        9	2022-03-30 09:09:16	1	0	1	0
        1	2022-03-30 13:48:16	1	0	1	0
        3	2022-03-30 19:03:32	1	0	1	0
        1	2022-03-30 19:49:58	1	0	1	0
       14	2022-03-31 08:03:17	1	0	1	0
       12	2022-03-31 08:36:22	1	0	1	0
       12	2022-03-31 08:36:23	1	0	1	0
        8	2022-03-31 08:46:04	1	0	1	0
       10	2022-03-31 08:46:30	1	0	1	0
        7	2022-03-31 08:51:14	1	0	1	0
        3	2022-03-31 08:53:46	1	0	1	0
        2	2022-03-31 08:56:08	1	0	1	0
        1	2022-03-31 08:56:45	1	0	1	0
        9	2022-03-31 08:59:03	1	0	1	0
       13	2022-03-31 09:04:13	1	0	1	0
        3	2022-03-31 18:02:24	1	0	1	0
        1	2022-03-31 18:50:08	1	0	1	0
        7	2022-03-31 19:18:20	1	0	1	0
       14	2022-04-01 08:20:03	1	0	1	0
        8	2022-04-01 08:20:24	1	0	1	0
        3	2022-04-01 08:35:30	1	0	1	0
        1	2022-04-01 08:43:33	1	0	1	0
       13	2022-04-01 08:52:05	1	0	1	0
       13	2022-04-01 08:52:06	1	0	1	0
       12	2022-04-01 08:56:01	1	0	1	0
        2	2022-04-01 08:59:49	1	0	1	0
        9	2022-04-01 09:16:52	1	0	1	0
       10	2022-04-01 18:09:20	1	0	1	0
        1	2022-04-01 18:49:17	1	0	1	0
        1	2022-04-02 08:33:49	1	0	1	0
        3	2022-04-02 08:46:33	1	0	1	0
       13	2022-04-02 09:02:12	1	0	1	0
        7	2022-04-02 09:04:26	1	0	1	0
       10	2022-04-02 09:06:11	1	0	1	0
        2	2022-04-02 09:09:52	1	0	1	0
        8	2022-04-02 09:12:32	1	0	1	0
       14	2022-04-04 07:57:14	1	0	1	0
        7	2022-04-04 08:29:06	1	0	1	0
       12	2022-04-04 08:40:04	1	0	1	0
        2	2022-04-04 08:47:14	1	0	1	0
        3	2022-04-04 08:55:36	1	0	1	0
       13	2022-04-04 09:14:55	1	0	1	0
       10	2022-04-04 09:29:21	1	0	1	0
        1	2022-04-04 09:32:36	1	0	1	0
        7	2022-04-04 18:23:52	1	0	1	0
        3	2022-04-05 11:15:19	1	0	1	0
        2	2022-04-05 11:17:47	1	0	1	0
        3	2022-04-05 12:50:36	1	0	1	0
       14	2022-04-06 08:00:41	1	0	1	0
       16	2022-04-06 08:01:19	1	0	1	0
        8	2022-04-06 08:18:40	1	0	1	0
        7	2022-04-06 08:32:55	1	0	1	0
       12	2022-04-06 08:33:04	1	0	1	0
        6	2022-04-06 08:33:10	1	0	1	0
        9	2022-04-06 08:33:24	1	0	1	0
        3	2022-04-06 08:45:31	1	0	1	0
        2	2022-04-06 08:50:32	1	0	1	0
       13	2022-04-06 09:03:19	1	0	1	0
        1	2022-04-06 14:07:39	1	0	1	0
        1	2022-04-06 18:05:19	1	0	1	0
        6	2022-04-06 18:05:26	1	0	1	0
        6	2022-04-06 18:05:31	1	0	1	0
        3	2022-04-06 18:12:51	1	0	1	0
        7	2022-04-06 18:13:34	1	0	1	0
       14	2022-04-07 08:18:26	1	0	1	0
        8	2022-04-07 08:26:50	1	0	1	0
        3	2022-04-07 08:45:51	1	0	1	0
        7	2022-04-07 08:46:03	1	0	1	0
       10	2022-04-07 08:46:08	1	0	1	0
       12	2022-04-07 08:47:36	1	0	1	0
       13	2022-04-07 08:53:30	1	0	1	0
       16	2022-04-07 08:54:16	1	0	1	0
        1	2022-04-07 08:54:20	1	0	1	0
        6	2022-04-07 09:08:29	1	0	1	0
        2	2022-04-07 09:13:24	1	0	1	0
        9	2022-04-07 09:24:34	1	0	1	0
       14	2022-04-08 08:01:07	1	0	1	0
        8	2022-04-08 08:22:33	1	0	1	0
       16	2022-04-08 08:25:53	1	0	1	0
        7	2022-04-08 08:44:01	1	0	1	0
       12	2022-04-08 08:49:13	1	0	1	0
        2	2022-04-08 08:49:36	1	0	1	0
        1	2022-04-08 08:51:01	1	0	1	0
        3	2022-04-08 08:58:46	1	0	1	0
        6	2022-04-08 09:00:51	1	0	1	0
        9	2022-04-08 09:09:56	1	0	1	0
       13	2022-04-08 09:13:29	1	0	1	0
        3	2022-04-08 09:13:46	1	0	1	0
        8	2022-04-08 17:20:25	1	0	1	0
        6	2022-04-08 18:05:22	1	0	1	0
       14	2022-04-09 07:55:26	1	0	1	0
        1	2022-04-09 08:30:52	1	0	1	0
       12	2022-04-09 08:47:42	1	0	1	0
        8	2022-04-09 09:05:11	1	0	1	0
        7	2022-04-09 09:12:01	1	0	1	0
        9	2022-04-09 09:12:08	1	0	1	0
        2	2022-04-09 09:12:40	1	0	1	0
       13	2022-04-09 09:13:21	1	0	1	0
       16	2022-04-09 09:15:28	1	0	1	0
        6	2022-04-09 09:19:47	1	0	1	0
        8	2022-04-09 13:58:27	1	0	1	0
       14	2022-04-11 08:10:56	1	0	1	0
        7	2022-04-11 08:44:37	1	0	1	0
       13	2022-04-11 08:48:24	1	0	1	0
       10	2022-04-11 08:48:43	1	0	1	0
        3	2022-04-11 08:55:05	1	0	1	0
       12	2022-04-11 08:58:47	1	0	1	0
        2	2022-04-11 09:03:29	1	0	1	0
        1	2022-04-11 09:08:33	1	0	1	0
        6	2022-04-11 09:10:24	1	0	1	0
        9	2022-04-11 09:17:23	1	0	1	0
        6	2022-04-11 18:10:41	1	0	1	0
        1	2022-04-11 18:11:51	1	0	1	0
        7	2022-04-11 18:20:46	1	0	1	0
       14	2022-04-12 08:07:11	1	0	1	0
        8	2022-04-12 08:15:03	1	0	1	0
        3	2022-04-12 08:20:33	1	0	1	0
       10	2022-04-12 08:31:59	1	0	1	0
       12	2022-04-12 08:39:04	1	0	1	0
        7	2022-04-12 08:43:40	1	0	1	0
        6	2022-04-12 08:47:05	1	0	1	0
        2	2022-04-12 08:57:17	1	0	1	0
        9	2022-04-12 09:07:41	1	0	1	0
        6	2022-04-12 18:14:57	1	0	1	0
        7	2022-04-12 19:24:01	1	0	1	0
       14	2022-04-13 08:22:40	1	0	1	0
        8	2022-04-13 08:33:25	1	0	1	0
       12	2022-04-13 08:34:15	1	0	1	0
        7	2022-04-13 08:42:52	1	0	1	0
        2	2022-04-13 08:58:40	1	0	1	0
        6	2022-04-13 09:01:06	1	0	1	0
        3	2022-04-13 09:01:10	1	0	1	0
        9	2022-04-13 09:13:02	1	0	1	0
       13	2022-04-13 09:17:31	1	0	1	0
        1	2022-04-13 14:23:20	1	0	1	0
        7	2022-04-13 18:43:05	1	0	1	0
       14	2022-04-14 08:19:13	1	0	1	0
       12	2022-04-14 08:22:56	1	0	1	0
        1	2022-04-14 08:29:08	1	0	1	0
        8	2022-04-14 08:46:41	1	0	1	0
        2	2022-04-14 08:55:10	1	0	1	0
       10	2022-04-14 08:55:23	1	0	1	0
        7	2022-04-14 09:07:58	1	0	1	0
        9	2022-04-14 09:09:26	1	0	1	0
       13	2022-04-14 09:14:08	1	0	1	0
        3	2022-04-14 10:06:46	1	0	1	0
        3	2022-04-14 10:06:47	1	0	1	0
        7	2022-04-14 13:26:30	1	0	1	0
        6	2022-04-14 13:55:55	1	0	1	0
       14	2022-04-18 08:16:27	1	0	1	0
        7	2022-04-18 08:47:58	1	0	1	0
        1	2022-04-18 08:55:18	1	0	1	0
        6	2022-04-18 08:57:43	1	0	1	0
        3	2022-04-18 09:00:34	1	0	1	0
        2	2022-04-18 09:02:24	1	0	1	0
       12	2022-04-18 09:05:05	1	0	1	0
       10	2022-04-18 09:08:09	1	0	1	0
        9	2022-04-18 09:25:23	1	0	1	0
        8	2022-04-18 13:43:20	1	0	1	0
        8	2022-04-18 13:43:22	1	0	1	0
       10	2022-04-18 17:59:30	1	0	1	0
       14	2022-04-19 08:18:50	1	0	1	0
        7	2022-04-19 08:32:15	1	0	1	0
        8	2022-04-19 08:33:57	1	0	1	0
       10	2022-04-19 08:42:20	1	0	1	0
        2	2022-04-19 08:52:43	1	0	1	0
        6	2022-04-19 08:55:05	1	0	1	0
        9	2022-04-19 09:01:02	1	0	1	0
        9	2022-04-19 09:01:04	1	0	1	0
        3	2022-04-19 09:04:57	1	0	1	0
       12	2022-04-19 09:05:01	1	0	1	0
        7	2022-04-19 19:07:11	1	0	1	0
       14	2022-04-20 08:17:25	1	0	1	0
        8	2022-04-20 08:36:53	1	0	1	0
        7	2022-04-20 08:38:15	1	0	1	0
        6	2022-04-20 08:45:43	1	0	1	0
        3	2022-04-20 08:48:57	1	0	1	0
        2	2022-04-20 09:00:11	1	0	1	0
       13	2022-04-20 09:01:46	1	0	1	0
       12	2022-04-20 09:05:18	1	0	1	0
       10	2022-04-20 09:07:53	1	0	1	0
        9	2022-04-20 09:22:47	1	0	1	0
        7	2022-04-20 18:10:28	1	0	1	0
       10	2022-04-20 18:10:36	1	0	1	0
       14	2022-04-21 08:15:06	1	0	1	0
        7	2022-04-21 08:20:49	1	0	1	0
        8	2022-04-21 08:24:59	1	0	1	0
       10	2022-04-21 08:40:29	1	0	1	0
       12	2022-04-21 08:58:37	1	0	1	0
        6	2022-04-21 09:01:07	1	0	1	0
       13	2022-04-21 09:02:49	1	0	1	0
        3	2022-04-21 09:02:53	1	0	1	0
        2	2022-04-21 09:08:41	1	0	1	0
        9	2022-04-21 09:08:46	1	0	1	0
        7	2022-04-21 18:42:14	1	0	1	0
       14	2022-04-22 08:05:08	1	0	1	0
        7	2022-04-22 08:27:42	1	0	1	0
        8	2022-04-22 08:35:07	1	0	1	0
        3	2022-04-22 08:39:02	1	0	1	0
       12	2022-04-22 08:50:54	1	0	1	0
        2	2022-04-22 08:58:21	1	0	1	0
       10	2022-04-22 09:05:38	1	0	1	0
       13	2022-04-22 09:07:59	1	0	1	0
        6	2022-04-22 09:08:18	1	0	1	0
        7	2022-04-22 18:26:26	1	0	1	0
       14	2022-04-23 08:02:09	1	0	1	0
        3	2022-04-23 08:39:29	1	0	1	0
        8	2022-04-23 08:53:05	1	0	1	0
       10	2022-04-23 08:59:04	1	0	1	0
       12	2022-04-23 09:04:40	1	0	1	0
        7	2022-04-23 09:08:41	1	0	1	0
        2	2022-04-23 09:09:42	1	0	1	0
        9	2022-04-23 09:09:49	1	0	1	0
       14	2022-04-25 08:01:43	1	0	1	0
        7	2022-04-25 08:35:50	1	0	1	0
        3	2022-04-25 08:37:07	1	0	1	0
       13	2022-04-25 08:55:59	1	0	1	0
       12	2022-04-25 08:56:05	1	0	1	0
        6	2022-04-25 08:56:35	1	0	1	0
       10	2022-04-25 09:11:52	1	0	1	0
        9	2022-04-25 09:20:30	1	0	1	0
        8	2022-04-25 13:57:46	1	0	1	0
        6	2022-04-25 18:18:31	1	0	1	0
        7	2022-04-25 18:47:05	1	0	1	0
       14	2022-04-26 08:07:54	1	0	1	0
        7	2022-04-26 08:12:32	1	0	1	0
       16	2022-04-26 08:13:42	1	0	1	0
        8	2022-04-26 08:16:01	1	0	1	0
        6	2022-04-26 08:39:08	1	0	1	0
       10	2022-04-26 08:39:16	1	0	1	0
        3	2022-04-26 08:42:08	1	0	1	0
       12	2022-04-26 08:42:50	1	0	1	0
        2	2022-04-26 08:50:32	1	0	1	0
       13	2022-04-26 09:02:27	1	0	1	0
       17	2022-04-26 09:04:47	1	0	0	0
        2	2022-04-26 13:00:59	1	0	1	0
        6	2022-04-26 13:01:22	1	0	1	0
       10	2022-04-26 13:01:55	1	0	1	0
       17	2022-04-26 13:02:15	1	0	0	0
        8	2022-04-26 13:03:27	1	0	1	0
        7	2022-04-26 13:15:20	1	0	1	0
        3	2022-04-26 13:15:30	1	0	1	0
       14	2022-04-26 13:20:58	1	0	1	0
       17	2022-04-26 13:31:06	1	0	0	0
        9	2022-04-26 13:31:56	1	0	1	0
        9	2022-04-26 13:31:57	1	0	1	0
        2	2022-04-26 13:44:30	1	0	1	0
       10	2022-04-26 13:55:00	1	0	1	0
        8	2022-04-26 14:01:09	1	0	1	0
        8	2022-04-26 14:01:10	1	0	1	0
        6	2022-04-26 14:01:18	1	0	1	0
        3	2022-04-26 14:10:05	1	0	1	0
        7	2022-04-26 14:18:01	1	0	1	0
       14	2022-04-26 14:18:07	1	0	1	0
        8	2022-04-26 17:19:08	1	0	1	0
       17	2022-04-26 18:08:02	1	0	0	0
        6	2022-04-26 18:08:16	1	0	1	0
       17	2022-04-27 08:17:19	1	0	0	0
       16	2022-04-27 08:17:31	1	0	1	0
        8	2022-04-27 08:30:45	1	0	1	0
        3	2022-04-27 08:39:09	1	0	1	0
        6	2022-04-27 08:53:41	1	0	1	0
       10	2022-04-27 08:55:02	1	0	1	0
       13	2022-04-27 08:58:50	1	0	1	0
        2	2022-04-27 09:00:26	1	0	1	0
        9	2022-04-27 09:08:48	1	0	1	0
       17	2022-04-27 13:04:56	1	0	0	0
        9	2022-04-27 13:05:01	1	0	1	0
        8	2022-04-27 13:05:10	1	0	1	0
        6	2022-04-27 13:06:21	1	0	1	0
        7	2022-04-27 13:08:22	1	0	1	0
        2	2022-04-27 13:48:15	1	0	1	0
        6	2022-04-27 13:48:20	1	0	1	0
        8	2022-04-27 14:00:57	1	0	1	0
        7	2022-04-27 14:01:23	1	0	1	0
        6	2022-04-27 14:42:58	1	0	1	0
        8	2022-04-27 17:11:37	1	0	1	0
       13	2022-04-27 18:01:54	1	0	1	0
       17	2022-04-27 18:02:02	1	0	0	0
        3	2022-04-27 18:09:32	1	0	1	0
        6	2022-04-27 18:30:02	1	0	1	0
        6	2022-04-27 18:30:10	1	0	1	0
       16	2022-04-27 18:31:12	1	0	1	0
        2	2022-04-27 18:31:19	1	0	1	0
        7	2022-04-27 18:52:20	1	0	1	0
       14	2022-04-28 08:07:19	1	0	1	0
       17	2022-04-28 08:14:19	1	0	0	0
        7	2022-04-28 08:37:56	1	0	1	0
        8	2022-04-28 08:39:20	1	0	1	0
        8	2022-04-28 08:39:22	1	0	1	0
        2	2022-04-28 08:50:50	1	0	1	0
       10	2022-04-28 08:51:06	1	0	1	0
       12	2022-04-28 08:52:00	1	0	1	0
        6	2022-04-28 08:56:23	1	0	1	0
        6	2022-04-28 08:56:24	1	0	1	0
        3	2022-04-28 09:07:04	1	0	1	0
       16	2022-04-28 09:22:59	1	0	1	0
        9	2022-04-28 09:38:55	1	0	1	0
        8	2022-04-28 13:03:25	1	0	1	0
        6	2022-04-28 13:06:37	1	0	1	0
        2	2022-04-28 13:06:45	1	0	1	0
       17	2022-04-28 13:06:54	1	0	0	0
        7	2022-04-28 13:08:37	1	0	1	0
       14	2022-04-28 13:17:21	1	0	1	0
       17	2022-04-28 13:39:09	1	0	0	0
        2	2022-04-28 13:53:02	1	0	1	0
        8	2022-04-28 14:01:28	1	0	1	0
        6	2022-04-28 14:05:05	1	0	1	0
        6	2022-04-28 14:05:06	1	0	1	0
        3	2022-04-28 14:05:26	1	0	1	0
       14	2022-04-28 14:15:13	1	0	1	0
        7	2022-04-28 14:27:02	1	0	1	0
        8	2022-04-28 17:11:37	1	0	1	0
       14	2022-04-29 08:12:57	1	0	1	0
        8	2022-04-29 08:18:14	1	0	1	0
       17	2022-04-29 08:38:21	1	0	0	0
        3	2022-04-29 08:43:33	1	0	1	0
        2	2022-04-29 08:57:19	1	0	1	0
       16	2022-04-29 09:05:45	1	0	1	0
        9	2022-04-29 09:23:25	1	0	1	0
        6	2022-04-29 09:25:09	1	0	1	0
       13	2022-04-29 09:30:39	1	0	1	0
        7	2022-04-29 11:08:19	1	0	1	0
        8	2022-04-29 13:03:14	1	0	1	0
        2	2022-04-29 13:03:28	1	0	1	0
        6	2022-04-29 13:04:51	1	0	1	0
        2	2022-04-29 14:00:30	1	0	1	0
        8	2022-04-29 14:02:27	1	0	1	0
        7	2022-04-29 14:19:32	1	0	1	0
        8	2022-04-29 17:11:30	1	0	1	0
        3	2022-04-29 17:29:55	1	0	1	0
       13	2022-04-29 17:47:38	1	0	1	0
       17	2022-04-29 17:55:18	1	0	0	0
        7	2022-04-29 20:06:10	1	0	1	0
       14	2022-04-30 08:27:19	1	0	1	0
       12	2022-04-30 08:34:13	1	0	1	0
        3	2022-04-30 08:44:28	1	0	1	0
       16	2022-04-30 08:48:40	1	0	1	0
       17	2022-04-30 08:49:57	1	0	0	0
        7	2022-04-30 08:58:33	1	0	1	0
        8	2022-04-30 09:08:35	1	0	1	0
        8	2022-04-30 09:09:10	1	0	1	0
       10	2022-04-30 09:09:28	1	0	1	0
        2	2022-04-30 09:10:51	1	0	1	0
        6	2022-04-30 09:17:55	1	0	1	0
       17	2022-05-02 08:11:29	1	0	0	0
        7	2022-05-02 08:21:30	1	0	1	0
        6	2022-05-02 08:43:43	1	0	1	0
        3	2022-05-02 08:43:47	1	0	1	0
       13	2022-05-02 08:48:44	1	0	1	0
        2	2022-05-02 08:54:45	1	0	1	0
       12	2022-05-02 08:59:21	1	0	1	0
       10	2022-05-02 09:07:18	1	0	1	0
        9	2022-05-02 09:15:24	1	0	1	0
       17	2022-05-02 13:10:49	1	0	0	0
        8	2022-05-02 13:39:30	1	0	1	0
        6	2022-05-02 13:52:38	1	0	1	0
       17	2022-05-02 14:02:59	1	0	0	0
        6	2022-05-02 15:02:44	1	0	1	0
        8	2022-05-02 17:10:26	1	0	1	0
        6	2022-05-02 18:10:52	1	0	1	0
        7	2022-05-02 18:27:09	1	0	1	0
        3	2022-05-02 18:48:47	1	0	1	0
        3	2022-05-02 18:48:48	1	0	1	0
        8	2022-05-03 08:21:15	1	0	1	0
       16	2022-05-03 08:21:28	1	0	1	0
       17	2022-05-03 08:32:10	1	0	0	0
       10	2022-05-03 08:48:38	1	0	1	0
        3	2022-05-03 08:52:05	1	0	1	0
       12	2022-05-03 08:58:25	1	0	1	0
       13	2022-05-03 09:01:54	1	0	1	0
        6	2022-05-03 09:13:19	1	0	1	0
        2	2022-05-03 09:15:36	1	0	1	0
        7	2022-05-03 10:38:53	1	0	1	0
       17	2022-05-03 13:12:54	1	0	0	0
        8	2022-05-03 13:15:57	1	0	1	0
        7	2022-05-03 13:16:12	1	0	1	0
       17	2022-05-03 13:50:16	1	0	0	0
        2	2022-05-03 13:52:20	1	0	1	0
        8	2022-05-03 14:07:28	1	0	1	0
        7	2022-05-03 14:26:18	1	0	1	0
        8	2022-05-03 17:10:26	1	0	1	0
        8	2022-05-03 17:10:28	1	0	1	0
       17	2022-05-03 18:01:59	1	0	0	0
        6	2022-05-03 18:05:56	1	0	1	0
       10	2022-05-03 18:06:04	1	0	1	0
        3	2022-05-03 18:06:29	1	0	1	0
        2	2022-05-03 18:30:14	1	0	1	0
        9	2022-05-03 18:32:36	1	0	1	0
        7	2022-05-03 19:21:14	1	0	1	0
        7	2022-05-04 08:35:37	1	0	1	0
        8	2022-05-04 08:35:43	1	0	1	0
       16	2022-05-04 08:36:53	1	0	1	0
       10	2022-05-04 08:37:00	1	0	1	0
       17	2022-05-04 08:41:59	1	0	0	0
       12	2022-05-04 08:48:43	1	0	1	0
       12	2022-05-04 08:48:44	1	0	1	0
        3	2022-05-04 08:50:18	1	0	1	0
       11	2022-05-04 08:56:56	1	0	1	0
        6	2022-05-04 08:58:16	1	0	1	0
        2	2022-05-04 09:10:17	1	0	1	0
        9	2022-05-04 09:10:42	1	0	1	0
       17	2022-05-04 13:03:47	1	0	0	0
        8	2022-05-04 13:08:47	1	0	1	0
       17	2022-05-04 14:08:45	1	0	0	0
        8	2022-05-04 14:11:43	1	0	1	0
        8	2022-05-04 14:11:45	1	0	1	0
        8	2022-05-04 17:10:31	1	0	1	0
       17	2022-05-04 18:02:00	1	0	0	0
        7	2022-05-04 18:26:08	1	0	1	0
        2	2022-05-04 18:32:17	1	0	1	0
        6	2022-05-04 18:32:30	1	0	1	0
        3	2022-05-04 18:40:32	1	0	1	0
        9	2022-05-04 18:43:51	1	0	1	0
        6	2022-05-05 07:30:40	1	0	1	0
        8	2022-05-05 08:29:12	1	0	1	0
       16	2022-05-05 08:29:19	1	0	1	0
       17	2022-05-05 08:37:21	1	0	0	0
       12	2022-05-05 08:47:16	1	0	1	0
       12	2022-05-05 08:47:18	1	0	1	0
        2	2022-05-05 08:56:28	1	0	1	0
        3	2022-05-05 08:56:44	1	0	1	0
        7	2022-05-05 08:56:59	1	0	1	0
       13	2022-05-05 09:03:03	1	0	1	0
       10	2022-05-05 09:56:19	1	0	1	0
       17	2022-05-05 13:00:11	1	0	0	0
        8	2022-05-05 13:02:20	1	0	1	0
        7	2022-05-05 13:03:15	1	0	1	0
        6	2022-05-05 13:03:19	1	0	1	0
        2	2022-05-05 13:05:41	1	0	1	0
       17	2022-05-05 13:55:16	1	0	0	0
        8	2022-05-05 13:59:31	1	0	1	0
        9	2022-05-05 13:59:50	1	0	1	0
        9	2022-05-05 13:59:53	1	0	1	0
        2	2022-05-05 14:02:57	1	0	1	0
        6	2022-05-05 14:06:09	1	0	1	0
        7	2022-05-05 14:29:42	1	0	1	0
        3	2022-05-05 17:08:49	1	0	1	0
        8	2022-05-05 17:10:28	1	0	1	0
        9	2022-05-05 18:32:03	1	0	1	0
        2	2022-05-05 18:47:32	1	0	1	0
        6	2022-05-05 19:13:09	1	0	1	0
       17	2022-05-05 19:25:30	1	0	0	0
        7	2022-05-05 20:47:38	1	0	1	0
        8	2022-05-06 08:27:08	1	0	1	0
       16	2022-05-06 08:27:24	1	0	1	0
       17	2022-05-06 08:33:43	1	0	0	0
        3	2022-05-06 08:44:17	1	0	1	0
       12	2022-05-06 08:46:42	1	0	1	0
       12	2022-05-06 08:46:44	1	0	1	0
       11	2022-05-06 08:55:19	1	0	1	0
       13	2022-05-06 09:02:28	1	0	1	0
       13	2022-05-06 09:02:30	1	0	1	0
        2	2022-05-06 09:03:58	1	0	1	0
        6	2022-05-06 09:09:37	1	0	1	0
        9	2022-05-06 09:09:43	1	0	1	0
        2	2022-05-06 13:00:13	1	0	1	0
       17	2022-05-06 13:00:22	1	0	0	0
       17	2022-05-06 14:08:59	1	0	0	0
        8	2022-05-06 17:05:41	1	0	1	0
        6	2022-05-06 18:08:14	1	0	1	0
        3	2022-05-06 18:57:57	1	0	1	0
        3	2022-05-06 18:57:58	1	0	1	0
        3	2022-05-07 08:44:50	1	0	1	0
       16	2022-05-07 08:45:09	1	0	1	0
        8	2022-05-07 08:56:10	1	0	1	0
       10	2022-05-07 08:57:55	1	0	1	0
        6	2022-05-07 09:04:13	1	0	1	0
        2	2022-05-07 09:10:47	1	0	1	0
       17	2022-05-07 09:11:10	1	0	0	0
       13	2022-05-07 09:19:50	1	0	1	0
       13	2022-05-07 09:19:51	1	0	1	0
        3	2022-05-07 13:42:49	1	0	1	0
        3	2022-05-07 13:42:50	1	0	1	0
        8	2022-05-07 13:49:08	1	0	1	0
        8	2022-05-07 13:49:10	1	0	1	0
        6	2022-05-07 13:59:57	1	0	1	0
       17	2022-05-07 14:01:08	1	0	0	0
       13	2022-05-07 14:21:45	1	0	1	0
       13	2022-05-07 14:21:47	1	0	1	0
       17	2022-05-09 08:43:51	1	0	0	0
       16	2022-05-09 08:44:28	1	0	1	0
       12	2022-05-09 08:47:45	1	0	1	0
        6	2022-05-09 08:47:52	1	0	1	0
        3	2022-05-09 08:47:56	1	0	1	0
        7	2022-05-09 08:56:28	1	0	1	0
       13	2022-05-09 08:59:46	1	0	1	0
        2	2022-05-09 09:00:01	1	0	1	0
       11	2022-05-09 09:01:50	1	0	1	0
        9	2022-05-09 09:05:27	1	0	1	0
       10	2022-05-09 09:05:53	1	0	1	0
        6	2022-05-09 13:00:03	1	0	1	0
        2	2022-05-09 13:00:13	1	0	1	0
       17	2022-05-09 13:01:41	1	0	0	0
        6	2022-05-09 13:58:07	1	0	1	0
        6	2022-05-09 13:58:08	1	0	1	0
       17	2022-05-09 13:58:15	1	0	0	0
        9	2022-05-09 13:58:25	1	0	1	0
        9	2022-05-09 13:58:29	1	0	1	0
        2	2022-05-09 13:58:59	1	0	1	0
       17	2022-05-09 18:07:10	1	0	0	0
        3	2022-05-09 18:11:01	1	0	1	0
       10	2022-05-09 18:32:31	1	0	1	0
        2	2022-05-09 18:39:42	1	0	1	0
        9	2022-05-09 18:44:09	1	0	1	0
        7	2022-05-09 19:17:32	1	0	1	0
        8	2022-05-10 08:17:43	1	0	1	0
       17	2022-05-10 08:28:53	1	0	0	0
        2	2022-05-10 08:52:08	1	0	1	0
        6	2022-05-10 08:55:17	1	0	1	0
        3	2022-05-10 08:55:56	1	0	1	0
       12	2022-05-10 08:56:24	1	0	1	0
       12	2022-05-10 08:56:26	1	0	1	0
       13	2022-05-10 09:08:58	1	0	1	0
        9	2022-05-10 09:21:03	1	0	1	0
       11	2022-05-10 09:21:32	1	0	1	0
       10	2022-05-10 09:54:13	1	0	1	0
        7	2022-05-10 11:00:05	1	0	1	0
        6	2022-05-10 13:02:04	1	0	1	0
       17	2022-05-10 13:03:06	1	0	0	0
       17	2022-05-10 13:59:48	1	0	0	0
        6	2022-05-10 17:09:06	1	0	1	0
       17	2022-05-10 18:03:40	1	0	0	0
        3	2022-05-10 18:07:10	1	0	1	0
        7	2022-05-10 18:44:13	1	0	1	0
       17	2022-05-11 08:25:47	1	0	0	0
        8	2022-05-11 08:30:48	1	0	1	0
       10	2022-05-11 08:40:41	1	0	1	0
        3	2022-05-11 08:48:57	1	0	1	0
        2	2022-05-11 08:57:14	1	0	1	0
        7	2022-05-11 08:59:46	1	0	1	0
       12	2022-05-11 09:03:21	1	0	1	0
       13	2022-05-11 09:03:33	1	0	1	0
        9	2022-05-11 10:08:00	1	0	1	0
        7	2022-05-11 13:05:47	1	0	1	0
        8	2022-05-11 13:06:00	1	0	1	0
       17	2022-05-11 13:09:05	1	0	0	0
        2	2022-05-11 13:09:17	1	0	1	0
        7	2022-05-11 13:37:19	1	0	1	0
       17	2022-05-11 13:55:11	1	0	0	0
        8	2022-05-11 13:56:36	1	0	1	0
        2	2022-05-11 14:03:08	1	0	1	0
        9	2022-05-11 14:03:25	1	0	1	0
        9	2022-05-11 14:03:28	1	0	1	0
        8	2022-05-11 17:09:50	1	0	1	0
        3	2022-05-11 18:06:06	1	0	1	0
       10	2022-05-11 18:14:37	1	0	1	0
        9	2022-05-11 18:32:05	1	0	1	0
        2	2022-05-11 18:32:18	1	0	1	0
        7	2022-05-11 18:45:17	1	0	1	0
        6	2022-05-11 20:24:54	1	0	1	0
        6	2022-05-12 08:17:22	1	0	1	0
        8	2022-05-12 08:23:48	1	0	1	0
        8	2022-05-12 08:23:50	1	0	1	0
       17	2022-05-12 08:30:11	1	0	0	0
       10	2022-05-12 08:35:18	1	0	1	0
       16	2022-05-12 08:43:13	1	0	1	0
       12	2022-05-12 08:50:28	1	0	1	0
        3	2022-05-12 08:55:59	1	0	1	0
       13	2022-05-12 09:01:02	1	0	1	0
        2	2022-05-12 09:01:43	1	0	1	0
        9	2022-05-12 09:26:45	1	0	1	0
        7	2022-05-12 09:42:18	1	0	1	0
        8	2022-05-12 13:05:50	1	0	1	0
       17	2022-05-12 13:06:04	1	0	0	0
        6	2022-05-12 13:06:30	1	0	1	0
        2	2022-05-12 13:07:22	1	0	1	0
        6	2022-05-12 13:59:54	1	0	1	0
        2	2022-05-12 14:00:15	1	0	1	0
       17	2022-05-12 14:00:29	1	0	0	0
        8	2022-05-12 14:02:54	1	0	1	0
       17	2022-05-12 18:03:19	1	0	0	0
        6	2022-05-12 18:03:34	1	0	1	0
        3	2022-05-12 18:33:40	1	0	1	0
        3	2022-05-12 18:33:42	1	0	1	0
        2	2022-05-12 18:39:24	1	0	1	0
        9	2022-05-12 18:40:06	1	0	1	0
       17	2022-05-13 08:19:09	1	0	0	0
        8	2022-05-13 08:26:42	1	0	1	0
       10	2022-05-13 08:37:32	1	0	1	0
       12	2022-05-13 08:51:26	1	0	1	0
        2	2022-05-13 08:58:26	1	0	1	0
       13	2022-05-13 09:04:35	1	0	1	0
        7	2022-05-13 09:04:53	1	0	1	0
        3	2022-05-13 09:05:43	1	0	1	0
        6	2022-05-13 09:13:29	1	0	1	0
        9	2022-05-13 09:13:43	1	0	1	0
        7	2022-05-13 13:20:55	1	0	1	0
       17	2022-05-13 13:25:23	1	0	0	0
        6	2022-05-13 13:27:18	1	0	1	0
        8	2022-05-13 13:28:52	1	0	1	0
        7	2022-05-13 14:12:45	1	0	1	0
        8	2022-05-13 17:11:07	1	0	1	0
        3	2022-05-13 18:11:32	1	0	1	0
        7	2022-05-13 18:34:59	1	0	1	0
        2	2022-05-13 18:35:15	1	0	1	0
        2	2022-05-13 18:35:16	1	0	1	0
       16	2022-05-13 18:35:23	1	0	1	0
       17	2022-05-13 18:44:22	1	0	0	0
        7	2022-05-14 08:46:46	1	0	1	0
        8	2022-05-14 08:57:15	1	0	1	0
        2	2022-05-14 09:02:54	1	0	1	0
        3	2022-05-14 09:03:11	1	0	1	0
       17	2022-05-14 09:07:20	1	0	0	0
       10	2022-05-14 09:15:52	1	0	1	0
        6	2022-05-14 09:16:06	1	0	1	0
        6	2022-05-14 13:11:27	1	0	1	0
        7	2022-05-14 13:16:42	1	0	1	0
        8	2022-05-14 13:54:32	1	0	1	0
        3	2022-05-14 14:01:29	1	0	1	0
        9	2022-05-14 15:03:30	1	0	1	0
        2	2022-05-14 15:04:53	1	0	1	0
       10	2022-05-14 15:05:02	1	0	1	0
       17	2022-05-16 08:29:29	1	0	0	0
       13	2022-05-16 08:57:47	1	0	1	0
        3	2022-05-16 08:59:46	1	0	1	0
        3	2022-05-16 08:59:47	1	0	1	0
        6	2022-05-16 09:05:56	1	0	1	0
        2	2022-05-16 09:09:44	1	0	1	0
       11	2022-05-16 09:10:37	1	0	1	0
       16	2022-05-16 09:18:31	1	0	1	0
       16	2022-05-16 09:18:32	1	0	1	0
        9	2022-05-16 09:33:06	1	0	1	0
       10	2022-05-16 09:36:39	1	0	1	0
        7	2022-05-16 10:39:17	1	0	1	0
        6	2022-05-16 13:02:16	1	0	1	0
       17	2022-05-16 13:33:31	1	0	0	0
        8	2022-05-16 13:51:35	1	0	1	0
       17	2022-05-16 13:56:49	1	0	0	0
        6	2022-05-16 14:06:33	1	0	1	0
        8	2022-05-16 18:15:06	1	0	1	0
        2	2022-05-16 18:30:46	1	0	1	0
        3	2022-05-16 19:02:30	1	0	1	0
        7	2022-05-16 19:25:50	1	0	1	0
        6	2022-05-16 20:07:07	1	0	1	0
       17	2022-05-16 20:07:20	1	0	0	0
        8	2022-05-17 08:28:04	1	0	1	0
        8	2022-05-17 08:28:13	1	0	1	0
       16	2022-05-17 08:29:24	1	0	1	0
       16	2022-05-17 08:29:25	1	0	1	0
       17	2022-05-17 08:35:53	1	0	0	0
        7	2022-05-17 08:39:29	1	0	1	0
        3	2022-05-17 09:00:46	1	0	1	0
        2	2022-05-17 09:08:02	1	0	1	0
        6	2022-05-17 09:10:29	1	0	1	0
       10	2022-05-17 09:18:12	1	0	1	0
       11	2022-05-17 09:33:25	1	0	1	0
        9	2022-05-17 10:19:06	1	0	1	0
       17	2022-05-17 13:01:26	1	0	0	0
        6	2022-05-17 13:01:37	1	0	1	0
        2	2022-05-17 13:01:44	1	0	1	0
        9	2022-05-17 13:01:48	1	0	1	0
        9	2022-05-17 13:01:50	1	0	1	0
        8	2022-05-17 13:11:56	1	0	1	0
       17	2022-05-17 13:40:07	1	0	0	0
        6	2022-05-17 14:01:38	1	0	1	0
        8	2022-05-17 14:02:59	1	0	1	0
        8	2022-05-17 14:03:00	1	0	1	0
        8	2022-05-17 18:10:43	1	0	1	0
        8	2022-05-17 18:10:44	1	0	1	0
        3	2022-05-17 18:11:58	1	0	1	0
        3	2022-05-17 18:12:00	1	0	1	0
        7	2022-05-17 18:35:42	1	0	1	0
       17	2022-05-17 18:39:33	1	0	0	0
        6	2022-05-17 18:53:02	1	0	1	0
        2	2022-05-17 18:54:29	1	0	1	0
        8	2022-05-18 08:25:16	1	0	1	0
        7	2022-05-18 08:29:42	1	0	1	0
       17	2022-05-18 08:44:24	1	0	0	0
       10	2022-05-18 08:49:09	1	0	1	0
        3	2022-05-18 08:50:02	1	0	1	0
        2	2022-05-18 09:08:14	1	0	1	0
        6	2022-05-18 09:14:36	1	0	1	0
       11	2022-05-18 09:19:08	1	0	1	0
        2	2022-05-18 13:00:28	1	0	1	0
        6	2022-05-18 13:01:28	1	0	1	0
        8	2022-05-18 13:08:11	1	0	1	0
       17	2022-05-18 13:08:31	1	0	0	0
       17	2022-05-18 13:42:33	1	0	0	0
        8	2022-05-18 14:04:42	1	0	1	0
        6	2022-05-18 14:37:06	1	0	1	0
        8	2022-05-18 18:11:41	1	0	1	0
        3	2022-05-18 18:18:08	1	0	1	0
        3	2022-05-18 18:18:11	1	0	1	0
        7	2022-05-18 18:38:08	1	0	1	0
        6	2022-05-18 19:35:03	1	0	1	0
       17	2022-05-18 19:41:25	1	0	0	0
       16	2022-05-19 07:58:17	1	0	1	0
        8	2022-05-19 08:28:06	1	0	1	0
        8	2022-05-19 08:28:17	1	0	1	0
       17	2022-05-19 08:48:45	1	0	0	0
       10	2022-05-19 09:05:17	1	0	1	0
        7	2022-05-19 09:09:10	1	0	1	0
        2	2022-05-19 09:09:50	1	0	1	0
        3	2022-05-19 09:14:54	1	0	1	0
       11	2022-05-19 09:23:26	1	0	1	0
        6	2022-05-19 09:23:33	1	0	1	0
        6	2022-05-19 13:20:08	1	0	1	0
        9	2022-05-19 13:38:43	1	0	1	0
        9	2022-05-19 13:38:45	1	0	1	0
        6	2022-05-19 14:02:50	1	0	1	0
       17	2022-05-19 14:36:14	1	0	0	0
       17	2022-05-19 14:50:17	1	0	0	0
        8	2022-05-19 17:13:07	1	0	1	0
        3	2022-05-19 18:06:45	1	0	1	0
        7	2022-05-19 18:33:09	1	0	1	0
       17	2022-05-19 18:36:30	1	0	0	0
        2	2022-05-19 18:38:49	1	0	1	0
        7	2022-05-20 08:28:46	1	0	1	0
       17	2022-05-20 08:37:19	1	0	0	0
        8	2022-05-20 08:46:31	1	0	1	0
        3	2022-05-20 08:56:16	1	0	1	0
       13	2022-05-20 09:12:03	1	0	1	0
        2	2022-05-20 09:12:31	1	0	1	0
       10	2022-05-20 09:15:04	1	0	1	0
        6	2022-05-20 09:16:38	1	0	1	0
       11	2022-05-20 09:35:40	1	0	1	0
        7	2022-05-20 13:06:29	1	0	1	0
        2	2022-05-20 13:15:14	1	0	1	0
       17	2022-05-20 13:15:34	1	0	0	0
        9	2022-05-20 13:15:39	1	0	1	0
        6	2022-05-20 13:19:36	1	0	1	0
        7	2022-05-20 13:49:47	1	0	1	0
        6	2022-05-20 14:24:38	1	0	1	0
       17	2022-05-20 14:29:22	1	0	0	0
        8	2022-05-20 17:14:41	1	0	1	0
        7	2022-05-20 18:26:41	1	0	1	0
        3	2022-05-20 18:29:36	1	0	1	0
       17	2022-05-20 21:27:57	1	0	0	0
        6	2022-05-20 21:28:03	1	0	1	0
       17	2022-05-21 08:41:12	1	0	0	0
        3	2022-05-21 08:41:50	1	0	1	0
        3	2022-05-21 08:41:51	1	0	1	0
       10	2022-05-21 09:05:15	1	0	1	0
        8	2022-05-21 09:06:23	1	0	1	0
        2	2022-05-21 09:11:33	1	0	1	0
        7	2022-05-21 09:19:18	1	0	1	0
        9	2022-05-21 13:30:40	1	0	1	0
        9	2022-05-21 13:48:38	1	0	1	0
        8	2022-05-21 14:00:27	1	0	1	0
        3	2022-05-21 14:19:16	1	0	1	0
        2	2022-05-21 15:11:33	1	0	1	0
       17	2022-05-21 15:11:39	1	0	0	0
        6	2022-05-21 15:11:48	1	0	1	0
       17	2022-05-23 08:35:43	1	0	0	0
        7	2022-05-23 08:35:52	1	0	1	0
       16	2022-05-23 08:36:02	1	0	1	0
        6	2022-05-23 08:46:35	1	0	1	0
        6	2022-05-23 08:46:37	1	0	1	0
        3	2022-05-23 08:54:04	1	0	1	0
       10	2022-05-23 09:02:21	1	0	1	0
       13	2022-05-23 09:13:44	1	0	1	0
        2	2022-05-23 09:16:54	1	0	1	0
        9	2022-05-23 09:17:01	1	0	1	0
        6	2022-05-23 13:02:17	1	0	1	0
       17	2022-05-23 13:23:12	1	0	0	0
        8	2022-05-23 13:51:52	1	0	1	0
        8	2022-05-23 13:51:54	1	0	1	0
        6	2022-05-23 14:01:52	1	0	1	0
        8	2022-05-23 17:10:21	1	0	1	0
        7	2022-05-23 18:25:51	1	0	1	0
        3	2022-05-23 19:00:27	1	0	1	0
        2	2022-05-23 19:14:46	1	0	1	0
        6	2022-05-23 20:17:32	1	0	1	0
       17	2022-05-23 20:19:04	1	0	0	0
        8	2022-05-24 08:19:56	1	0	1	0
       17	2022-05-24 08:23:59	1	0	0	0
        7	2022-05-24 08:31:30	1	0	1	0
        3	2022-05-24 08:49:46	1	0	1	0
        2	2022-05-24 08:50:12	1	0	1	0
        6	2022-05-24 09:01:40	1	0	1	0
       11	2022-05-24 09:27:01	1	0	1	0
        9	2022-05-24 09:27:06	1	0	1	0
        7	2022-05-24 13:17:51	1	0	1	0
       17	2022-05-24 13:35:37	1	0	0	0
       17	2022-05-24 14:08:09	1	0	0	0
        7	2022-05-24 14:13:31	1	0	1	0
        8	2022-05-24 17:12:33	1	0	1	0
        3	2022-05-24 18:14:00	1	0	1	0
       17	2022-05-24 18:26:56	1	0	0	0
        2	2022-05-24 18:30:02	1	0	1	0
        9	2022-05-24 18:30:48	1	0	1	0
        7	2022-05-24 18:35:20	1	0	1	0
        6	2022-05-24 19:32:48	1	0	1	0
       17	2022-05-25 08:26:58	1	0	0	0
        7	2022-05-25 08:27:48	1	0	1	0
        8	2022-05-25 08:27:56	1	0	1	0
       12	2022-05-25 08:37:26	1	0	1	0
       13	2022-05-25 08:51:27	1	0	1	0
        3	2022-05-25 08:55:44	1	0	1	0
        2	2022-05-25 08:56:43	1	0	1	0
        2	2022-05-25 08:56:44	1	0	1	0
        6	2022-05-25 09:03:28	1	0	1	0
        6	2022-05-25 13:02:42	1	0	1	0
       17	2022-05-25 13:04:58	1	0	0	0
        8	2022-05-25 13:06:36	1	0	1	0
        7	2022-05-25 13:10:36	1	0	1	0
       17	2022-05-25 14:03:22	1	0	0	0
        8	2022-05-25 14:03:48	1	0	1	0
        7	2022-05-25 14:05:00	1	0	1	0
        8	2022-05-25 17:12:11	1	0	1	0
        3	2022-05-25 18:22:07	1	0	1	0
        2	2022-05-25 18:31:27	1	0	1	0
        9	2022-05-25 18:31:56	1	0	1	0
        7	2022-05-25 18:52:03	1	0	1	0
       17	2022-05-25 19:09:34	1	0	0	0
        6	2022-05-25 19:09:41	1	0	1	0
        8	2022-05-26 08:29:59	1	0	1	0
        7	2022-05-26 08:38:20	1	0	1	0
       17	2022-05-26 08:40:44	1	0	0	0
       12	2022-05-26 08:48:46	1	0	1	0
       10	2022-05-26 08:54:43	1	0	1	0
        2	2022-05-26 08:59:45	1	0	1	0
        6	2022-05-26 09:00:33	1	0	1	0
        3	2022-05-26 09:02:00	1	0	1	0
       11	2022-05-26 09:07:24	1	0	1	0
        8	2022-05-26 13:04:57	1	0	1	0
        8	2022-05-26 14:04:48	1	0	1	0
        8	2022-05-26 14:04:49	1	0	1	0
        7	2022-05-26 14:06:53	1	0	1	0
        6	2022-05-26 14:13:27	1	0	1	0
       17	2022-05-26 14:44:49	1	0	0	0
        6	2022-05-26 15:11:46	1	0	1	0
       17	2022-05-26 15:17:16	1	0	0	0
        8	2022-05-26 17:11:44	1	0	1	0
        7	2022-05-26 17:50:18	1	0	1	0
        6	2022-05-26 18:08:58	1	0	1	0
       17	2022-05-26 18:18:34	1	0	0	0
        8	2022-05-27 08:24:19	1	0	1	0
        7	2022-05-27 08:31:21	1	4	1	0
        3	2022-05-27 08:53:00	1	0	1	0
        2	2022-05-27 08:57:04	1	0	1	0
        6	2022-05-27 09:05:02	1	0	1	0
       13	2022-05-27 09:07:26	1	0	1	0
       10	2022-05-27 09:10:34	1	0	1	0
        9	2022-05-27 09:16:45	1	0	1	0
       17	2022-05-27 09:17:00	1	0	0	0
       12	2022-05-27 09:22:12	1	0	1	0
        6	2022-05-27 13:00:37	1	0	1	0
        2	2022-05-27 13:00:41	1	0	1	0
       17	2022-05-27 13:09:06	1	0	0	0
        7	2022-05-27 13:13:10	1	0	1	0
        9	2022-05-27 13:13:42	1	0	1	0
        9	2022-05-27 13:13:43	1	0	1	0
        6	2022-05-27 14:06:38	1	0	1	0
       17	2022-05-27 14:06:53	1	0	0	0
        7	2022-05-27 14:22:13	1	0	1	0
        8	2022-05-27 17:11:26	1	0	1	0
        3	2022-05-27 18:17:11	1	0	1	0
        2	2022-05-27 18:30:22	1	0	1	0
        9	2022-05-27 18:31:40	1	0	1	0
       17	2022-05-27 18:35:05	1	0	0	0
        7	2022-05-27 18:56:09	1	0	1	0
       17	2022-05-28 07:41:25	1	0	0	0
       12	2022-05-28 08:18:47	1	0	1	0
        9	2022-05-28 08:29:40	1	0	1	0
        2	2022-05-28 08:31:25	1	0	1	0
        3	2022-05-28 08:36:07	1	0	1	0
        3	2022-05-28 08:36:08	1	0	1	0
        8	2022-05-28 08:36:52	1	0	1	0
       11	2022-05-28 08:50:10	1	0	1	0
        3	2022-05-28 13:54:55	1	0	1	0
        3	2022-05-28 13:54:57	1	0	1	0
        8	2022-05-28 13:59:50	1	0	1	0
       17	2022-05-28 14:06:46	1	0	0	0
        6	2022-05-28 14:11:27	1	0	1	0
        9	2022-05-28 16:38:11	1	0	1	0
        7	2022-05-30 08:26:40	1	0	1	0
       13	2022-05-30 08:39:10	1	0	1	0
       10	2022-05-30 08:42:24	1	0	1	0
       12	2022-05-30 08:48:03	1	0	1	0
        2	2022-05-30 08:56:02	1	0	1	0
        3	2022-05-30 08:58:52	1	0	1	0
       17	2022-05-30 09:07:28	1	0	0	0
       17	2022-05-30 13:00:58	1	0	0	0
        6	2022-05-30 13:01:15	1	0	1	0
        8	2022-05-30 13:21:25	1	0	1	0
       17	2022-05-30 14:07:21	1	0	0	0
        8	2022-05-30 17:12:48	1	0	1	0
        6	2022-05-30 19:07:04	1	0	1	0
       17	2022-05-30 19:27:44	1	0	0	0
        2	2022-05-30 19:28:43	1	0	1	0
       16	2022-05-30 19:28:56	1	0	1	0
       16	2022-05-30 19:28:58	1	0	1	0
        8	2022-05-31 08:25:44	1	0	1	0
       12	2022-05-31 08:40:01	1	0	1	0
        3	2022-05-31 08:44:44	1	0	1	0
        3	2022-05-31 08:44:46	1	0	1	0
        3	2022-05-31 08:44:47	1	0	1	0
       17	2022-05-31 08:47:11	1	0	0	0
        2	2022-05-31 08:47:19	1	0	1	0
        6	2022-05-31 09:04:19	1	0	1	0
        6	2022-05-31 13:18:12	1	0	1	0
        6	2022-05-31 14:09:56	1	0	1	0
       17	2022-05-31 15:17:57	1	0	0	0
       17	2022-05-31 15:51:36	1	0	0	0
        3	2022-05-31 18:44:53	1	0	1	0
       17	2022-05-31 18:46:05	1	0	0	0
        6	2022-05-31 18:55:19	1	0	1	0
       16	2022-05-31 19:07:10	1	0	1	0
       10	2022-06-01 08:40:33	1	0	1	0
       17	2022-06-01 08:43:25	1	0	0	0
       12	2022-06-01 08:48:04	1	0	1	0
        3	2022-06-01 08:55:34	1	0	1	0
        2	2022-06-01 08:55:42	1	0	1	0
        6	2022-06-01 09:38:36	1	0	1	0
       17	2022-06-01 13:05:39	1	0	0	0
       17	2022-06-01 13:43:00	1	0	0	0
        6	2022-06-01 13:43:16	1	0	1	0
        3	2022-06-01 18:21:13	1	0	1	0
       17	2022-06-01 18:48:58	1	0	0	0
        6	2022-06-01 18:56:51	1	0	1	0
       17	2022-06-02 08:29:24	1	0	0	0
        8	2022-06-02 08:37:14	1	0	1	0
       12	2022-06-02 08:37:42	1	0	1	0
       12	2022-06-02 08:38:18	1	0	1	0
        6	2022-06-02 08:43:21	1	0	1	0
        2	2022-06-02 08:54:56	1	0	1	0
        3	2022-06-02 08:55:04	1	0	1	0
       17	2022-06-02 13:17:20	1	0	0	0
        6	2022-06-02 13:18:51	1	0	1	0
       17	2022-06-02 14:17:21	1	0	0	0
        6	2022-06-02 14:17:26	1	0	1	0
        6	2022-06-02 14:17:27	1	0	1	0
        8	2022-06-02 17:14:57	1	0	1	0
       17	2022-06-02 18:39:23	1	0	0	0
        6	2022-06-02 18:54:30	1	0	1	0
        3	2022-06-02 18:55:44	1	0	1	0
        8	2022-06-03 08:21:55	1	0	1	0
       12	2022-06-03 08:35:42	1	0	1	0
       12	2022-06-03 08:35:44	1	0	1	0
        3	2022-06-03 08:53:39	1	0	1	0
        3	2022-06-03 08:53:41	1	0	1	0
        2	2022-06-03 09:02:46	1	0	1	0
       17	2022-06-03 09:03:30	1	0	0	0
       17	2022-06-03 12:59:45	1	0	0	0
        6	2022-06-03 13:03:03	1	0	1	0
       17	2022-06-03 13:59:40	1	0	0	0
        6	2022-06-03 14:03:17	1	0	1	0
        8	2022-06-03 17:10:22	1	0	1	0
        3	2022-06-03 18:17:58	1	0	1	0
        3	2022-06-03 18:18:00	1	0	1	0
        7	2022-06-03 18:20:05	1	0	1	0
        7	2022-06-03 18:20:06	1	0	1	0
       17	2022-06-03 18:28:05	1	0	0	0
        6	2022-06-03 18:54:56	1	0	1	0
       16	2022-06-03 19:17:55	1	0	1	0
       16	2022-06-03 19:17:56	1	0	1	0
       12	2022-06-04 08:27:29	1	0	1	0
       17	2022-06-04 08:27:38	1	0	0	0
       16	2022-06-04 08:37:39	1	0	1	0
       16	2022-06-04 08:37:40	1	0	1	0
        3	2022-06-04 08:46:37	1	0	1	0
        8	2022-06-04 08:53:04	1	0	1	0
       10	2022-06-04 08:53:09	1	0	1	0
        2	2022-06-04 08:55:45	1	0	1	0
        4	2022-06-04 09:08:33	1	0	1	0
        6	2022-06-04 09:26:29	1	0	1	0
        3	2022-06-04 13:40:11	1	0	1	0
        8	2022-06-04 14:02:04	1	0	1	0
        6	2022-06-04 14:51:01	1	0	1	0
        7	2022-06-06 08:36:28	1	0	1	0
       10	2022-06-06 08:46:36	1	0	1	0
       12	2022-06-06 08:50:10	1	0	1	0
       12	2022-06-06 08:50:12	1	0	1	0
        3	2022-06-06 08:54:55	1	0	1	0
        9	2022-06-06 08:56:57	1	0	1	0
        6	2022-06-06 09:08:47	1	0	1	0
       16	2022-06-06 09:09:08	1	0	1	0
       17	2022-06-06 09:19:29	1	0	0	0
       13	2022-06-06 09:19:33	1	0	1	0
       11	2022-06-06 09:24:27	1	0	1	0
        6	2022-06-06 13:01:16	1	0	1	0
        7	2022-06-06 13:14:26	1	0	1	0
        8	2022-06-06 13:42:23	1	0	1	0
        6	2022-06-06 14:01:20	1	0	1	0
        8	2022-06-06 18:10:08	1	0	1	0
       10	2022-06-06 18:17:15	1	0	1	0
        7	2022-06-06 18:27:35	1	0	1	0
        3	2022-06-06 18:35:17	1	0	1	0
       16	2022-06-06 19:14:09	1	0	1	0
       17	2022-06-06 21:09:03	1	0	0	0
        6	2022-06-06 21:09:18	1	0	1	0
       10	2022-06-07 08:33:09	1	0	1	0
       17	2022-06-07 08:41:27	1	0	0	0
        8	2022-06-07 08:46:49	1	0	1	0
        7	2022-06-07 08:50:38	1	0	1	0
       12	2022-06-07 08:51:14	1	0	1	0
       18	2022-06-07 08:56:42	1	0	1	0
        3	2022-06-07 08:57:01	1	0	1	0
        3	2022-06-07 08:57:02	1	0	1	0
       11	2022-06-07 09:08:34	1	0	1	0
        6	2022-06-07 09:20:01	1	0	1	0
        6	2022-06-07 13:03:49	1	0	1	0
        7	2022-06-07 13:13:25	1	0	1	0
        6	2022-06-07 13:59:22	1	0	1	0
       18	2022-06-07 13:59:55	1	0	1	0
        9	2022-06-07 14:00:15	1	0	1	0
        9	2022-06-07 14:00:17	1	0	1	0
        7	2022-06-07 14:00:23	1	0	1	0
        8	2022-06-07 18:10:36	1	0	1	0
        3	2022-06-07 18:18:27	1	0	1	0
        7	2022-06-07 18:26:09	1	0	1	0
        6	2022-06-07 19:04:24	1	0	1	0
        8	2022-06-08 08:25:26	1	0	1	0
       10	2022-06-08 08:32:54	1	0	1	0
       18	2022-06-08 08:33:02	1	0	1	0
       12	2022-06-08 08:37:27	1	0	1	0
       12	2022-06-08 08:37:28	1	0	1	0
        7	2022-06-08 08:51:14	1	0	1	0
        3	2022-06-08 09:02:08	1	0	1	0
        9	2022-06-08 09:31:02	1	0	1	0
        8	2022-06-08 18:11:42	1	0	1	0
        3	2022-06-08 18:21:34	1	0	1	0
        6	2022-06-08 19:06:06	1	0	1	0
        7	2022-06-08 19:20:43	1	0	1	0
        8	2022-06-09 08:28:32	1	0	1	0
       10	2022-06-09 08:30:36	1	0	1	0
       18	2022-06-09 08:30:40	1	0	1	0
       12	2022-06-09 08:31:18	1	0	1	0
       13	2022-06-09 08:38:12	1	0	1	0
        6	2022-06-09 08:41:57	1	0	1	0
       17	2022-06-09 08:42:03	1	0	0	0
        7	2022-06-09 08:45:32	1	0	1	0
        3	2022-06-09 08:58:29	1	0	1	0
       11	2022-06-09 08:59:23	1	0	1	0
        9	2022-06-09 09:13:35	1	0	1	0
       17	2022-06-09 13:04:37	1	0	0	0
        7	2022-06-09 13:04:46	1	0	1	0
        8	2022-06-09 13:04:54	1	0	1	0
        7	2022-06-09 13:55:49	1	0	1	0
       17	2022-06-09 14:03:06	1	0	0	0
        9	2022-06-09 14:03:13	1	0	1	0
        9	2022-06-09 14:03:24	1	0	1	0
        6	2022-06-09 14:09:57	1	0	1	0
        8	2022-06-09 18:10:12	1	0	1	0
       18	2022-06-09 19:00:48	1	0	1	0
        7	2022-06-09 19:35:07	1	0	1	0
        6	2022-06-09 20:46:21	1	0	1	0
        8	2022-06-10 08:29:16	1	0	1	0
       17	2022-06-10 08:33:42	1	0	0	0
       18	2022-06-10 08:41:02	1	0	1	0
       13	2022-06-10 08:44:19	1	0	1	0
        7	2022-06-10 08:49:20	1	0	1	0
        3	2022-06-10 08:50:39	1	0	1	0
        3	2022-06-10 08:50:41	1	0	1	0
       12	2022-06-10 08:54:35	1	0	1	0
       11	2022-06-10 08:59:04	1	0	1	0
       10	2022-06-10 09:00:36	1	0	1	0
       17	2022-06-10 13:16:15	1	0	0	0
        6	2022-06-10 13:25:28	1	0	1	0
       18	2022-06-10 14:03:47	1	0	1	0
       17	2022-06-10 14:12:03	1	0	0	0
        8	2022-06-10 17:10:41	1	0	1	0
       17	2022-06-10 18:07:41	1	0	0	0
        3	2022-06-10 18:21:43	1	0	1	0
        7	2022-06-10 19:03:50	1	0	1	0
       17	2022-06-11 08:32:17	1	0	0	0
       18	2022-06-11 08:48:27	1	0	1	0
        8	2022-06-11 08:52:37	1	0	1	0
       10	2022-06-11 08:57:26	1	0	1	0
        4	2022-06-11 08:57:31	1	0	1	0
       11	2022-06-11 08:57:35	1	0	1	0
        3	2022-06-11 09:01:47	1	0	1	0
       12	2022-06-11 09:10:56	1	0	1	0
        7	2022-06-11 10:24:13	1	0	1	0
       17	2022-06-11 13:53:44	1	0	0	0
        8	2022-06-11 13:56:04	1	0	1	0
        3	2022-06-11 13:57:56	1	0	1	0
       17	2022-06-13 08:19:00	1	0	0	0
       13	2022-06-13 08:30:41	1	0	1	0
        3	2022-06-13 08:34:19	1	0	1	0
        3	2022-06-13 08:34:24	1	0	1	0
       10	2022-06-13 08:40:15	1	0	1	0
       12	2022-06-13 08:52:12	1	0	1	0
        2	2022-06-13 08:52:18	1	0	1	0
       16	2022-06-13 08:58:15	1	0	1	0
       18	2022-06-13 08:58:19	1	0	1	0
        7	2022-06-13 09:02:10	1	0	1	0
        9	2022-06-13 09:04:28	1	0	1	0
        6	2022-06-13 09:25:09	1	0	1	0
       11	2022-06-13 09:49:47	1	0	1	0
        8	2022-06-14 08:31:08	1	0	1	0
       18	2022-06-14 08:31:13	1	0	1	0
       16	2022-06-14 08:31:23	1	0	1	0
       16	2022-06-14 08:31:24	1	0	1	0
        7	2022-06-14 08:38:48	1	0	1	0
       13	2022-06-14 08:41:37	1	0	1	0
       17	2022-06-14 08:47:46	1	0	0	0
       12	2022-06-14 08:57:32	1	0	1	0
       12	2022-06-14 08:57:33	1	0	1	0
        3	2022-06-14 08:59:04	1	0	1	0
        3	2022-06-14 08:59:06	1	0	1	0
        2	2022-06-14 08:59:36	1	0	1	0
        2	2022-06-14 08:59:37	1	0	1	0
        6	2022-06-14 09:05:05	1	0	1	0
       10	2022-06-14 09:05:23	1	0	1	0
        7	2022-06-14 13:14:25	1	0	1	0
       17	2022-06-14 13:23:38	1	0	0	0
        6	2022-06-14 13:30:07	1	0	1	0
       17	2022-06-14 13:57:30	1	0	0	0
        7	2022-06-14 14:03:59	1	0	1	0
        6	2022-06-14 14:24:19	1	0	1	0
       10	2022-06-14 18:04:59	1	0	1	0
       17	2022-06-14 18:06:08	1	0	0	0
        6	2022-06-14 18:07:38	1	0	1	0
        8	2022-06-14 18:09:29	1	0	1	0
        7	2022-06-14 18:21:15	1	0	1	0
        2	2022-06-14 18:30:27	1	0	1	0
        2	2022-06-14 18:30:28	1	0	1	0
       18	2022-06-14 18:30:39	1	0	1	0
        9	2022-06-14 18:31:14	1	0	1	0
       16	2022-06-14 18:31:29	1	0	1	0
        3	2022-06-14 18:37:33	1	0	1	0
        3	2022-06-15 08:26:23	1	0	1	0
       16	2022-06-15 08:26:31	1	0	1	0
       10	2022-06-15 08:30:20	1	0	1	0
       18	2022-06-15 08:30:28	1	0	1	0
        8	2022-06-15 08:36:20	1	0	1	0
        7	2022-06-15 08:40:41	1	0	1	0
       17	2022-06-15 08:44:06	1	0	0	0
        2	2022-06-15 08:57:38	1	0	1	0
       13	2022-06-15 08:59:00	1	0	1	0
       17	2022-06-15 13:02:05	1	0	0	0
        6	2022-06-15 13:02:20	1	0	1	0
        7	2022-06-15 13:26:17	1	0	1	0
       17	2022-06-15 13:55:51	1	0	0	0
        6	2022-06-15 14:00:31	1	0	1	0
        7	2022-06-15 14:35:54	1	0	1	0
       17	2022-06-15 18:04:20	1	0	0	0
        3	2022-06-15 18:11:50	1	0	1	0
        8	2022-06-15 18:15:11	1	0	1	0
        7	2022-06-15 18:32:34	1	0	1	0
       18	2022-06-15 18:33:07	1	0	1	0
       18	2022-06-15 18:33:08	1	0	1	0
        6	2022-06-15 18:43:31	1	0	1	0
        2	2022-06-15 18:55:37	1	0	1	0
        8	2022-06-16 08:33:50	1	0	1	0
       10	2022-06-16 08:33:54	1	0	1	0
       18	2022-06-16 08:33:58	1	0	1	0
        7	2022-06-16 08:40:52	1	0	1	0
        3	2022-06-16 08:50:11	1	0	1	0
       12	2022-06-16 08:57:06	1	0	1	0
        9	2022-06-16 08:58:40	1	0	1	0
        2	2022-06-16 09:02:41	1	0	1	0
       17	2022-06-16 09:11:17	1	0	0	0
        6	2022-06-16 09:13:23	1	0	1	0
        7	2022-06-16 13:03:03	1	0	1	0
       17	2022-06-16 13:06:33	1	0	0	0
        6	2022-06-16 13:44:45	1	0	1	0
        9	2022-06-16 13:45:04	1	0	1	0
        7	2022-06-16 13:55:24	1	0	1	0
       17	2022-06-16 14:03:31	1	0	0	0
        9	2022-06-16 14:03:36	1	0	1	0
       18	2022-06-16 14:03:41	1	0	1	0
        6	2022-06-16 14:42:16	1	0	1	0
       17	2022-06-16 18:00:04	1	0	0	0
        6	2022-06-16 18:00:19	1	0	1	0
        8	2022-06-16 18:08:31	1	0	1	0
        3	2022-06-16 18:13:00	1	0	1	0
        7	2022-06-16 18:29:22	1	0	1	0
        9	2022-06-16 18:30:06	1	0	1	0
       18	2022-06-16 18:30:09	1	0	1	0
       17	2022-06-17 08:28:16	1	0	0	0
        8	2022-06-17 08:31:53	1	0	1	0
       10	2022-06-17 08:35:42	1	0	1	0
       18	2022-06-17 08:35:46	1	0	1	0
        7	2022-06-17 08:39:09	1	0	1	0
       12	2022-06-17 08:42:12	1	0	1	0
        3	2022-06-17 08:59:47	1	0	1	0
       11	2022-06-17 09:06:07	1	0	1	0
        4	2022-06-17 09:06:13	1	0	1	0
        2	2022-06-17 09:09:47	1	0	1	0
        6	2022-06-17 09:16:45	1	0	1	0
        9	2022-06-17 09:34:36	1	0	1	0
       17	2022-06-17 12:59:48	1	0	0	0
        7	2022-06-17 13:05:54	1	0	1	0
       17	2022-06-17 14:02:17	1	0	0	0
        7	2022-06-17 14:05:46	1	0	1	0
        4	2022-06-17 14:08:26	1	0	1	0
        9	2022-06-17 14:08:32	1	0	1	0
        8	2022-06-17 17:57:17	1	0	1	0
       17	2022-06-17 17:57:45	1	0	0	0
        3	2022-06-17 18:26:58	1	0	1	0
        7	2022-06-17 18:42:07	1	0	1	0
       18	2022-06-17 19:10:00	1	0	1	0
        2	2022-06-17 19:24:09	1	0	1	0
       10	2022-06-18 08:58:12	1	0	1	0
       18	2022-06-18 08:58:17	1	0	1	0
       12	2022-06-18 08:59:24	1	0	1	0
        2	2022-06-18 09:00:57	1	0	1	0
        8	2022-06-18 09:01:40	1	0	1	0
        7	2022-06-18 09:04:15	1	0	1	0
        3	2022-06-18 09:05:42	1	0	1	0
       17	2022-06-18 09:09:51	1	0	0	0
        9	2022-06-18 09:13:48	1	0	1	0
        4	2022-06-18 09:28:36	1	0	1	0
        7	2022-06-18 13:27:37	1	0	1	0
        8	2022-06-18 13:50:59	1	0	1	0
        3	2022-06-18 13:59:47	1	0	1	0
        9	2022-06-18 13:59:51	1	0	1	0
        9	2022-06-18 13:59:55	1	0	1	0
        6	2022-06-18 14:17:39	1	0	1	0
       17	2022-06-18 14:17:53	1	0	0	0
       18	2022-06-18 15:01:08	1	0	1	0
       13	2022-06-20 08:30:10	1	0	1	0
        7	2022-06-20 08:31:32	1	0	1	0
       17	2022-06-20 08:50:50	1	0	0	0
        3	2022-06-20 08:53:42	1	0	1	0
        6	2022-06-20 08:53:54	1	0	1	0
        2	2022-06-20 09:06:32	1	0	1	0
       10	2022-06-20 09:06:36	1	0	1	0
       18	2022-06-20 09:06:39	1	0	1	0
        9	2022-06-20 09:08:13	1	0	1	0
       17	2022-06-20 13:00:25	1	0	0	0
        6	2022-06-20 13:01:14	1	0	1	0
        7	2022-06-20 13:04:52	1	0	1	0
        8	2022-06-20 13:47:46	1	0	1	0
       10	2022-06-20 13:56:02	1	0	1	0
        7	2022-06-20 13:59:10	1	0	1	0
        2	2022-06-20 13:59:20	1	0	1	0
       18	2022-06-20 13:59:32	1	0	1	0
       17	2022-06-20 13:59:44	1	0	0	0
        6	2022-06-20 14:02:43	1	0	1	0
        8	2022-06-20 17:11:18	1	0	1	0
        3	2022-06-20 18:25:04	1	0	1	0
        2	2022-06-20 18:32:10	1	0	1	0
       18	2022-06-20 18:32:22	1	0	1	0
        6	2022-06-20 18:42:34	1	0	1	0
        9	2022-06-20 18:43:51	1	0	1	0
       17	2022-06-20 18:50:41	1	0	0	0
        7	2022-06-20 19:24:05	1	0	1	0
        8	2022-06-21 08:18:38	1	0	1	0
       16	2022-06-21 08:18:44	1	0	1	0
        6	2022-06-21 08:24:09	1	0	1	0
       10	2022-06-21 08:31:06	1	0	1	0
        3	2022-06-21 08:31:10	1	0	1	0
       18	2022-06-21 08:31:13	1	0	1	0
        7	2022-06-21 08:35:13	1	0	1	0
       13	2022-06-21 08:41:24	1	0	1	0
       17	2022-06-21 08:41:35	1	0	0	0
       11	2022-06-21 08:53:55	1	0	1	0
        2	2022-06-21 09:05:10	1	0	1	0
        9	2022-06-21 09:15:46	1	0	1	0
       17	2022-06-21 13:09:28	1	0	0	0
        7	2022-06-21 13:12:55	1	0	1	0
        6	2022-06-21 13:36:23	1	0	1	0
       17	2022-06-21 13:58:34	1	0	0	0
        6	2022-06-21 14:18:05	1	0	1	0
        7	2022-06-21 14:18:55	1	0	1	0
        8	2022-06-21 17:10:42	1	0	1	0
        8	2022-06-21 17:10:44	1	0	1	0
       10	2022-06-21 18:17:26	1	0	1	0
       11	2022-06-21 18:18:20	1	0	1	0
        3	2022-06-21 18:23:15	1	0	1	0
       18	2022-06-21 18:29:54	1	0	1	0
        7	2022-06-21 19:00:35	1	0	1	0
        6	2022-06-21 20:03:57	1	0	1	0
        3	2022-06-22 08:32:30	1	0	1	0
       17	2022-06-22 08:32:41	1	0	0	0
       10	2022-06-22 08:32:58	1	0	1	0
       18	2022-06-22 08:33:01	1	0	1	0
        8	2022-06-22 08:33:05	1	0	1	0
        2	2022-06-22 08:34:07	1	0	1	0
       16	2022-06-22 08:34:47	1	0	1	0
        6	2022-06-22 08:43:24	1	0	1	0
        7	2022-06-22 08:45:43	1	0	1	0
       13	2022-06-22 08:46:56	1	0	1	0
        9	2022-06-22 09:08:22	1	0	1	0
       11	2022-06-22 09:11:20	1	0	1	0
       17	2022-06-22 12:59:23	1	0	0	0
        9	2022-06-22 13:08:53	1	0	1	0
        7	2022-06-22 13:11:45	1	0	1	0
       17	2022-06-22 13:37:56	1	0	0	0
        2	2022-06-22 13:58:27	1	0	1	0
        9	2022-06-22 13:58:51	1	0	1	0
        6	2022-06-22 14:06:08	1	0	1	0
        7	2022-06-22 14:11:26	1	0	1	0
        8	2022-06-22 17:10:49	1	0	1	0
       18	2022-06-22 18:12:25	1	0	1	0
        3	2022-06-22 18:13:38	1	0	1	0
       11	2022-06-22 18:18:30	1	0	1	0
        7	2022-06-22 18:22:16	1	0	1	0
       16	2022-06-22 18:28:06	1	0	1	0
        2	2022-06-22 18:29:01	1	0	1	0
        9	2022-06-22 18:48:43	1	0	1	0
        6	2022-06-22 20:14:04	1	0	1	0
        8	2022-06-23 08:09:16	1	0	1	0
       16	2022-06-23 08:09:55	1	0	1	0
        2	2022-06-23 08:31:09	1	0	1	0
       10	2022-06-23 08:33:24	1	0	1	0
       18	2022-06-23 08:33:27	1	0	1	0
        6	2022-06-23 08:33:30	1	0	1	0
        3	2022-06-23 08:39:21	1	0	1	0
        7	2022-06-23 08:41:59	1	0	1	0
       17	2022-06-23 08:50:46	1	0	0	0
       13	2022-06-23 08:58:57	1	0	1	0
       12	2022-06-23 09:05:32	1	0	1	0
        9	2022-06-23 09:11:39	1	0	1	0
       11	2022-06-23 09:15:17	1	0	1	0
       17	2022-06-23 13:04:58	1	0	0	0
        6	2022-06-23 13:35:32	1	0	1	0
        7	2022-06-23 13:52:45	1	0	1	0
       17	2022-06-23 14:00:30	1	0	0	0
        7	2022-06-23 14:25:36	1	0	1	0
        6	2022-06-23 14:32:15	1	0	1	0
        6	2022-06-23 14:32:16	1	0	1	0
        8	2022-06-23 17:10:25	1	0	1	0
       11	2022-06-23 18:08:07	1	0	1	0
        2	2022-06-23 18:13:52	1	0	1	0
       18	2022-06-23 18:13:56	1	0	1	0
        6	2022-06-23 18:20:15	1	0	1	0
        3	2022-06-23 18:28:38	1	0	1	0
        3	2022-06-23 18:28:39	1	0	1	0
        7	2022-06-23 18:55:56	1	0	1	0
       17	2022-06-23 21:37:19	1	0	0	0
        8	2022-06-24 08:30:37	1	0	1	0
       17	2022-06-24 08:30:46	1	0	0	0
        2	2022-06-24 08:31:25	1	0	1	0
       10	2022-06-24 08:33:03	1	0	1	0
       18	2022-06-24 08:33:07	1	0	1	0
        6	2022-06-24 08:36:41	1	0	1	0
        7	2022-06-24 08:38:53	1	0	1	0
       12	2022-06-24 08:44:32	1	0	1	0
       13	2022-06-24 08:50:42	1	0	1	0
        3	2022-06-24 08:53:32	1	0	1	0
        9	2022-06-24 09:02:03	1	0	1	0
       11	2022-06-24 09:17:33	1	0	1	0
        4	2022-06-24 09:17:38	1	0	1	0
        7	2022-06-24 13:17:06	1	0	1	0
       17	2022-06-24 13:17:26	1	0	0	0
        6	2022-06-24 13:26:35	1	0	1	0
       17	2022-06-24 13:45:21	1	0	0	0
        2	2022-06-24 13:59:19	1	0	1	0
       18	2022-06-24 13:59:34	1	0	1	0
        7	2022-06-24 13:59:52	1	0	1	0
        9	2022-06-24 14:00:05	1	0	1	0
        9	2022-06-24 14:00:07	1	0	1	0
        6	2022-06-24 14:06:03	1	0	1	0
        8	2022-06-24 17:10:06	1	0	1	0
        6	2022-06-24 18:05:52	1	0	1	0
        7	2022-06-24 18:13:51	1	0	1	0
        3	2022-06-24 18:16:15	1	0	1	0
       11	2022-06-24 18:48:02	1	0	1	0
       12	2022-06-25 08:28:05	1	0	1	0
       18	2022-06-25 08:28:09	1	0	1	0
        2	2022-06-25 08:38:46	1	0	1	0
        6	2022-06-25 08:44:07	1	0	1	0
        7	2022-06-25 08:44:14	1	0	1	0
       10	2022-06-25 08:49:21	1	0	1	0
        3	2022-06-25 08:50:48	1	0	1	0
        8	2022-06-25 09:09:56	1	0	1	0
        9	2022-06-25 09:12:07	1	0	1	0
       17	2022-06-25 09:22:45	1	0	0	0
       11	2022-06-25 09:27:44	1	0	1	0
        7	2022-06-25 13:43:49	1	0	1	0
        8	2022-06-25 13:53:49	1	0	1	0
        3	2022-06-25 13:58:57	1	0	1	0
        6	2022-06-25 14:16:42	1	0	1	0
       17	2022-06-25 14:19:28	1	0	0	0
       17	2022-06-27 08:20:03	1	0	0	0
        2	2022-06-27 08:28:40	1	0	1	0
       13	2022-06-27 08:28:42	1	0	1	0
       13	2022-06-27 08:28:44	1	0	1	0
       10	2022-06-27 08:28:48	1	0	1	0
       18	2022-06-27 08:28:51	1	0	1	0
        7	2022-06-27 08:31:33	1	0	1	0
        6	2022-06-27 08:39:51	1	0	1	0
       12	2022-06-27 08:49:28	1	0	1	0
        3	2022-06-27 08:50:50	1	0	1	0
       17	2022-06-27 13:03:26	1	0	0	0
        7	2022-06-27 13:05:16	1	0	1	0
       17	2022-06-27 13:34:19	1	0	0	0
        6	2022-06-27 13:39:39	1	0	1	0
        8	2022-06-27 13:44:08	1	0	1	0
        7	2022-06-27 13:57:31	1	0	1	0
        6	2022-06-27 14:21:39	1	0	1	0
        8	2022-06-27 17:10:09	1	0	1	0
       17	2022-06-27 18:03:04	1	0	0	0
        7	2022-06-27 18:09:50	1	0	1	0
       18	2022-06-27 18:11:46	1	0	1	0
        3	2022-06-27 18:14:36	1	0	1	0
        2	2022-06-27 18:16:25	1	0	1	0
        6	2022-06-27 19:02:22	1	0	1	0
        8	2022-06-28 08:09:32	1	0	1	0
       17	2022-06-28 08:26:31	1	0	0	0
       18	2022-06-28 08:30:12	1	0	1	0
       10	2022-06-28 08:30:58	1	0	1	0
        2	2022-06-28 08:31:08	1	0	1	0
       13	2022-06-28 08:36:22	1	0	1	0
        7	2022-06-28 08:39:10	1	0	1	0
       12	2022-06-28 08:39:20	1	0	1	0
       11	2022-06-28 08:45:21	1	0	1	0
        6	2022-06-28 09:01:31	1	0	1	0
        3	2022-06-28 09:15:14	1	0	1	0
       17	2022-06-28 13:01:02	1	0	0	0
        7	2022-06-28 13:14:13	1	0	1	0
        6	2022-06-28 13:39:31	1	0	1	0
        2	2022-06-28 13:55:32	1	0	1	0
       17	2022-06-28 13:57:02	1	0	0	0
       18	2022-06-28 13:57:15	1	0	1	0
        9	2022-06-28 14:00:46	1	0	1	0
        9	2022-06-28 14:00:50	1	0	1	0
        7	2022-06-28 14:16:02	1	0	1	0
        6	2022-06-28 14:42:54	1	0	1	0
        8	2022-06-28 17:10:24	1	0	1	0
       17	2022-06-28 18:04:02	1	0	0	0
       11	2022-06-28 18:06:58	1	0	1	0
        3	2022-06-28 18:09:30	1	0	1	0
       13	2022-06-28 18:15:21	1	0	1	0
        7	2022-06-28 19:16:42	1	0	1	0
        6	2022-06-28 21:01:25	1	0	1	0
        8	2022-06-30 08:11:57	1	0	1	0
       10	2022-06-30 08:31:17	1	0	1	0
       18	2022-06-30 08:31:23	1	0	1	0
        2	2022-06-30 08:31:54	1	0	1	0
       11	2022-06-30 08:39:29	1	0	1	0
       17	2022-06-30 08:46:45	1	0	0	0
       12	2022-06-30 08:48:17	1	0	1	0
       12	2022-06-30 08:48:18	1	0	1	0
        7	2022-06-30 08:48:28	1	0	1	0
        3	2022-06-30 08:50:01	1	0	1	0
       13	2022-06-30 08:59:46	1	0	1	0
        6	2022-06-30 09:07:06	1	0	1	0
       16	2022-06-30 09:30:22	1	0	1	0
        6	2022-06-30 13:00:19	1	0	1	0
       17	2022-06-30 13:01:10	1	0	0	0
        7	2022-06-30 13:15:28	1	0	1	0
        6	2022-06-30 14:01:12	1	0	1	0
        6	2022-06-30 14:01:13	1	0	1	0
        7	2022-06-30 14:01:52	1	0	1	0
       17	2022-06-30 14:03:01	1	0	0	0
        9	2022-06-30 14:10:22	1	0	1	0
        9	2022-06-30 14:10:26	1	0	1	0
        8	2022-06-30 17:09:44	1	0	1	0
       13	2022-06-30 18:02:46	1	0	1	0
        9	2022-06-30 18:15:40	1	0	1	0
       18	2022-06-30 18:15:44	1	0	1	0
        2	2022-06-30 18:15:48	1	0	1	0
       10	2022-06-30 18:15:54	1	0	1	0
        6	2022-06-30 18:58:52	1	0	1	0
       17	2022-06-30 19:02:33	1	0	0	0
       16	2022-06-30 19:03:32	1	0	1	0
        7	2022-06-30 19:08:33	1	0	1	0
       11	2022-06-30 19:23:14	1	0	1	0
        8	2022-07-01 08:09:24	1	0	1	0
       18	2022-07-01 08:30:21	1	0	1	0
        3	2022-07-01 08:37:39	1	0	1	0
        2	2022-07-01 08:38:54	1	0	1	0
        6	2022-07-01 08:43:49	1	0	1	0
       10	2022-07-01 08:43:53	1	0	1	0
        9	2022-07-01 08:48:17	1	0	1	0
       12	2022-07-01 08:50:26	1	0	1	0
       13	2022-07-01 08:50:48	1	0	1	0
        7	2022-07-01 08:52:56	1	0	1	0
       11	2022-07-01 09:09:31	1	0	1	0
        4	2022-07-01 09:09:39	1	0	1	0
       17	2022-07-01 09:14:03	1	0	0	0
        2	2022-07-01 13:05:16	1	0	1	0
       17	2022-07-01 13:05:36	1	0	0	0
        7	2022-07-01 13:38:26	1	0	1	0
        6	2022-07-01 13:40:23	1	0	1	0
       17	2022-07-01 13:56:40	1	0	0	0
       17	2022-07-01 14:05:28	1	0	0	0
        8	2022-07-01 17:10:32	1	0	1	0
       13	2022-07-01 18:17:18	1	0	1	0
        2	2022-07-01 18:19:25	1	0	1	0
       18	2022-07-01 18:20:01	1	0	1	0
        3	2022-07-01 18:24:50	1	0	1	0
        6	2022-07-01 18:40:37	1	0	1	0
       17	2022-07-01 19:51:36	1	0	0	0
        7	2022-07-01 20:01:30	1	0	1	0
       16	2022-07-02 08:16:37	1	0	1	0
       17	2022-07-02 08:17:06	1	0	0	0
       18	2022-07-02 08:19:26	1	0	1	0
       10	2022-07-02 08:34:03	1	0	1	0
        8	2022-07-02 08:35:34	1	0	1	0
        2	2022-07-02 08:36:08	1	0	1	0
        3	2022-07-02 08:40:03	1	0	1	0
       12	2022-07-02 08:41:48	1	0	1	0
        6	2022-07-02 08:43:02	1	0	1	0
       11	2022-07-02 09:06:09	1	0	1	0
        4	2022-07-02 09:06:12	1	0	1	0
        9	2022-07-02 09:14:20	1	0	1	0
       18	2022-07-02 13:55:49	1	0	1	0
        9	2022-07-02 13:56:01	1	0	1	0
        9	2022-07-02 13:56:02	1	0	1	0
        8	2022-07-02 13:58:48	1	0	1	0
       17	2022-07-02 14:07:58	1	0	0	0
        3	2022-07-02 14:11:14	1	0	1	0
        6	2022-07-02 14:14:52	1	0	1	0
       18	2022-07-02 15:18:59	1	0	1	0
        2	2022-07-02 15:45:09	1	0	1	0
       16	2022-07-02 15:57:29	1	0	1	0
       10	2022-07-04 08:23:32	1	0	1	0
       18	2022-07-04 08:26:08	1	0	1	0
        2	2022-07-04 08:34:22	1	0	1	0
        6	2022-07-04 08:34:59	1	0	1	0
       16	2022-07-04 08:41:22	1	0	1	0
       13	2022-07-04 08:46:05	1	0	1	0
        3	2022-07-04 08:52:14	1	0	1	0
        9	2022-07-04 08:52:21	1	0	1	0
       12	2022-07-04 09:06:25	1	0	1	0
        7	2022-07-04 09:07:49	1	0	1	0
       17	2022-07-04 11:01:18	1	0	0	0
       18	2022-07-04 13:09:00	1	0	1	0
       17	2022-07-04 13:14:59	1	0	0	0
        9	2022-07-04 13:15:18	1	0	1	0
        9	2022-07-04 13:15:21	1	0	1	0
        8	2022-07-04 13:33:38	1	0	1	0
        6	2022-07-04 13:35:12	1	0	1	0
       18	2022-07-04 13:59:43	1	0	1	0
       17	2022-07-04 14:01:52	1	0	0	0
       11	2022-07-04 14:09:31	1	0	1	0
        7	2022-07-04 14:24:55	1	0	1	0
        6	2022-07-04 14:29:27	1	0	1	0
        8	2022-07-04 17:29:01	1	0	1	0
       18	2022-07-04 18:00:13	1	0	1	0
        2	2022-07-04 18:00:18	1	0	1	0
        9	2022-07-04 18:00:22	1	0	1	0
        6	2022-07-04 18:00:49	1	0	1	0
       17	2022-07-04 18:01:49	1	0	0	0
        3	2022-07-04 18:07:18	1	0	1	0
       11	2022-07-04 18:15:11	1	0	1	0
       16	2022-07-04 18:15:24	1	0	1	0
        7	2022-07-04 19:11:59	1	0	1	0
        8	2022-07-05 08:09:46	1	0	1	0
       18	2022-07-05 08:28:58	1	0	1	0
        2	2022-07-05 08:32:46	1	0	1	0
        3	2022-07-05 08:33:08	1	0	1	0
        7	2022-07-05 08:33:43	1	0	1	0
        6	2022-07-05 08:37:12	1	0	1	0
       16	2022-07-05 08:40:41	1	0	1	0
       10	2022-07-05 08:41:19	1	0	1	0
       12	2022-07-05 08:43:30	1	0	1	0
       13	2022-07-05 08:44:07	1	0	1	0
       17	2022-07-05 08:52:49	1	0	0	0
        9	2022-07-05 09:12:15	1	0	1	0
        6	2022-07-05 13:00:37	1	0	1	0
       18	2022-07-05 13:00:50	1	0	1	0
        2	2022-07-05 13:01:02	1	0	1	0
       17	2022-07-05 13:10:16	1	0	0	0
        7	2022-07-05 13:16:42	1	0	1	0
       18	2022-07-05 13:56:52	1	0	1	0
       17	2022-07-05 13:59:11	1	0	0	0
        2	2022-07-05 14:01:27	1	0	1	0
        6	2022-07-05 14:04:12	1	0	1	0
        7	2022-07-05 14:13:51	1	0	1	0
        9	2022-07-05 14:15:04	1	0	1	0
        9	2022-07-05 14:15:07	1	0	1	0
        8	2022-07-05 17:10:35	1	0	1	0
       13	2022-07-05 17:53:08	1	0	1	0
       18	2022-07-05 18:01:40	1	0	1	0
        2	2022-07-05 18:02:19	1	0	1	0
        6	2022-07-05 18:03:00	1	0	1	0
        9	2022-07-05 18:03:28	1	0	1	0
       16	2022-07-05 18:03:36	1	0	1	0
       10	2022-07-05 18:13:21	1	0	1	0
        7	2022-07-05 18:15:55	1	0	1	0
        8	2022-07-06 08:19:41	1	0	1	0
        2	2022-07-06 08:29:31	1	0	1	0
       10	2022-07-06 08:31:50	1	0	1	0
       18	2022-07-06 08:31:54	1	0	1	0
        3	2022-07-06 08:39:13	1	0	1	0
       17	2022-07-06 08:41:26	1	0	0	0
        7	2022-07-06 08:44:32	1	0	1	0
       12	2022-07-06 08:46:31	1	0	1	0
        6	2022-07-06 08:52:27	1	0	1	0
        9	2022-07-06 08:59:01	1	0	1	0
       16	2022-07-06 09:03:50	1	0	1	0
       11	2022-07-06 09:56:33	1	0	1	0
       18	2022-07-06 13:01:59	1	0	1	0
        2	2022-07-06 13:02:12	1	0	1	0
       17	2022-07-06 13:07:19	1	0	0	0
        7	2022-07-06 13:19:26	1	0	1	0
       17	2022-07-06 13:32:15	1	0	0	0
        6	2022-07-06 13:57:26	1	0	1	0
        2	2022-07-06 13:59:49	1	0	1	0
       18	2022-07-06 14:00:03	1	0	1	0
        9	2022-07-06 14:00:16	1	0	1	0
        9	2022-07-06 14:00:17	1	0	1	0
        7	2022-07-06 14:17:57	1	0	1	0
        6	2022-07-06 14:47:23	1	0	1	0
        8	2022-07-06 17:07:06	1	0	1	0
        9	2022-07-06 18:05:35	1	0	1	0
       18	2022-07-06 18:06:45	1	0	1	0
       17	2022-07-06 18:06:49	1	0	0	0
        3	2022-07-06 18:07:39	1	0	1	0
        2	2022-07-06 18:07:50	1	0	1	0
       16	2022-07-06 18:39:41	1	0	1	0
        7	2022-07-06 18:45:33	1	0	1	0
        6	2022-07-06 19:11:30	1	0	1	0
        8	2022-07-07 08:22:02	1	0	1	0
        6	2022-07-07 08:23:44	1	0	1	0
        2	2022-07-07 08:23:54	1	0	1	0
       18	2022-07-07 08:29:39	1	0	1	0
       10	2022-07-07 08:29:43	1	0	1	0
       13	2022-07-07 08:37:05	1	0	1	0
        7	2022-07-07 08:38:54	1	0	1	0
        3	2022-07-07 08:40:48	1	0	1	0
       12	2022-07-07 08:48:35	1	0	1	0
       17	2022-07-07 08:49:12	1	0	0	0
       11	2022-07-07 08:49:46	1	0	1	0
       16	2022-07-07 08:53:59	1	0	1	0
       16	2022-07-07 13:07:04	1	0	1	0
       18	2022-07-07 13:09:00	1	0	1	0
       17	2022-07-07 13:09:26	1	0	0	0
        7	2022-07-07 13:17:38	1	0	1	0
       18	2022-07-07 14:00:36	1	0	1	0
        6	2022-07-07 14:11:37	1	0	1	0
        7	2022-07-07 14:20:51	1	0	1	0
        8	2022-07-07 17:07:49	1	0	1	0
       13	2022-07-07 18:00:39	1	0	1	0
       17	2022-07-07 18:01:05	1	0	0	0
        2	2022-07-07 18:01:10	1	0	1	0
        2	2022-07-07 18:01:12	1	0	1	0
       18	2022-07-07 18:01:23	1	0	1	0
        6	2022-07-07 18:02:27	1	0	1	0
        7	2022-07-07 18:13:17	1	0	1	0
        3	2022-07-07 18:15:15	1	0	1	0
       16	2022-07-07 18:48:53	1	0	1	0
       18	2022-07-08 08:19:38	1	0	1	0
       17	2022-07-08 08:19:56	1	0	0	0
       16	2022-07-08 08:20:01	1	0	1	0
        8	2022-07-08 08:21:58	1	0	1	0
        7	2022-07-08 08:23:28	1	0	1	0
        2	2022-07-08 08:23:45	1	0	1	0
        2	2022-07-08 08:23:46	1	0	1	0
        9	2022-07-08 08:28:46	1	0	1	0
       10	2022-07-08 08:33:12	1	0	1	0
        3	2022-07-08 08:46:42	1	0	1	0
       12	2022-07-08 08:47:41	1	0	1	0
        6	2022-07-08 08:55:02	1	0	1	0
       13	2022-07-08 09:01:11	1	0	1	0
        4	2022-07-08 09:04:56	1	0	1	0
       18	2022-07-08 13:04:51	1	0	1	0
        6	2022-07-08 13:07:00	1	0	1	0
        6	2022-07-08 13:07:13	1	0	1	0
       17	2022-07-08 13:08:20	1	0	0	0
        2	2022-07-08 13:11:05	1	0	1	0
        7	2022-07-08 13:16:58	1	0	1	0
       18	2022-07-08 13:59:29	1	0	1	0
        2	2022-07-08 14:00:36	1	0	1	0
       17	2022-07-08 14:01:12	1	0	0	0
        9	2022-07-08 14:01:17	1	0	1	0
        9	2022-07-08 14:01:30	1	0	1	0
        6	2022-07-08 14:08:32	1	0	1	0
        7	2022-07-08 14:10:01	1	0	1	0
        8	2022-07-08 17:10:05	1	0	1	0
       18	2022-07-08 18:01:44	1	0	1	0
       17	2022-07-08 18:04:46	1	0	0	0
       13	2022-07-08 18:13:23	1	0	1	0
       16	2022-07-08 18:26:30	1	0	1	0
       16	2022-07-08 18:26:31	1	0	1	0
        7	2022-07-08 18:29:54	1	0	1	0
       16	2022-07-09 08:19:56	1	0	1	0
        8	2022-07-09 08:20:01	1	0	1	0
       18	2022-07-09 08:20:08	1	0	1	0
        6	2022-07-09 08:28:49	1	0	1	0
       10	2022-07-09 08:28:54	1	0	1	0
        2	2022-07-09 08:28:58	1	0	1	0
       17	2022-07-09 08:31:47	1	0	0	0
        7	2022-07-09 08:43:25	1	0	1	0
       11	2022-07-09 08:45:24	1	0	1	0
        4	2022-07-09 08:45:33	1	0	1	0
       12	2022-07-09 09:00:40	1	0	1	0
        9	2022-07-09 09:01:54	1	0	1	0
        7	2022-07-09 13:36:03	1	0	1	0
        8	2022-07-09 13:54:11	1	0	1	0
       18	2022-07-09 13:57:54	1	0	1	0
       17	2022-07-09 14:00:30	1	0	0	0
        6	2022-07-09 14:00:41	1	0	1	0
        2	2022-07-09 15:02:46	1	0	1	0
        2	2022-07-09 15:02:48	1	0	1	0
       18	2022-07-09 15:02:53	1	0	1	0
        9	2022-07-09 15:03:00	1	0	1	0
       16	2022-07-09 15:03:10	1	0	1	0
       17	2022-07-11 08:25:21	1	0	0	0
       10	2022-07-11 08:30:14	1	0	1	0
       18	2022-07-11 08:30:18	1	0	1	0
        2	2022-07-11 08:32:14	1	0	1	0
        2	2022-07-11 08:32:15	1	0	1	0
        6	2022-07-11 08:33:43	1	0	1	0
       13	2022-07-11 08:35:43	1	0	1	0
       16	2022-07-11 08:37:56	1	0	1	0
        3	2022-07-11 08:43:52	1	0	1	0
        7	2022-07-11 08:52:40	1	0	1	0
       11	2022-07-11 09:16:12	1	0	1	0
        9	2022-07-11 09:16:43	1	0	1	0
       12	2022-07-11 11:23:31	1	0	1	0
       17	2022-07-11 13:00:37	1	0	0	0
       12	2022-07-11 13:03:01	1	0	1	0
       18	2022-07-11 13:03:50	1	0	1	0
        7	2022-07-11 13:41:27	1	0	1	0
        8	2022-07-11 13:54:52	1	0	1	0
       17	2022-07-11 13:55:52	1	0	0	0
       18	2022-07-11 14:00:34	1	0	1	0
        6	2022-07-11 14:05:28	1	0	1	0
        7	2022-07-11 14:19:15	1	0	1	0
        8	2022-07-11 17:09:48	1	0	1	0
       17	2022-07-11 17:58:43	1	0	0	0
       18	2022-07-11 18:04:30	1	0	1	0
        9	2022-07-11 18:05:29	1	0	1	0
        6	2022-07-11 18:06:07	1	0	1	0
       11	2022-07-11 18:11:31	1	0	1	0
        3	2022-07-11 18:22:25	1	0	1	0
       16	2022-07-11 18:39:53	1	0	1	0
        7	2022-07-11 19:39:33	1	0	1	0
        8	2022-07-12 08:13:05	1	0	1	0
       16	2022-07-12 08:28:09	1	0	1	0
       16	2022-07-12 08:28:11	1	0	1	0
       10	2022-07-12 08:30:03	1	0	1	0
       18	2022-07-12 08:30:21	1	0	1	0
        2	2022-07-12 08:33:50	1	0	1	0
        3	2022-07-12 08:40:47	1	0	1	0
       17	2022-07-12 08:46:33	1	0	0	0
        7	2022-07-12 08:47:06	1	0	1	0
       13	2022-07-12 08:54:50	1	0	1	0
       13	2022-07-12 08:54:51	1	0	1	0
       12	2022-07-12 08:55:01	1	0	1	0
        6	2022-07-12 08:55:32	1	0	1	0
       11	2022-07-12 09:09:53	1	0	1	0
       17	2022-07-12 13:05:56	1	5	0	0
       18	2022-07-12 13:06:01	1	5	1	0
        6	2022-07-12 13:10:44	1	0	1	0
        7	2022-07-12 13:12:54	1	0	1	0
       18	2022-07-12 14:00:26	1	0	1	0
        9	2022-07-12 14:00:57	1	0	1	0
        9	2022-07-12 14:00:59	1	0	1	0
        7	2022-07-12 14:02:01	1	0	1	0
       17	2022-07-12 14:05:56	1	0	0	0
        6	2022-07-12 14:09:19	1	0	1	0
        8	2022-07-12 17:20:57	1	0	1	0
       13	2022-07-12 18:03:11	1	0	1	0
        6	2022-07-12 18:07:11	1	0	1	0
       18	2022-07-12 18:07:16	1	0	1	0
        2	2022-07-12 18:07:51	1	0	1	0
       17	2022-07-12 18:08:02	1	0	0	0
        9	2022-07-12 18:08:08	1	0	1	0
        7	2022-07-12 18:17:52	1	0	1	0
        3	2022-07-12 18:20:32	1	0	1	0
       11	2022-07-12 18:36:49	1	0	1	0
       16	2022-07-12 18:41:48	1	0	1	0
        8	2022-07-13 08:10:23	1	0	1	0
       16	2022-07-13 08:11:03	1	0	1	0
       18	2022-07-13 08:32:01	1	0	1	0
       10	2022-07-13 08:32:06	1	0	1	0
        6	2022-07-13 08:34:47	1	0	1	0
        2	2022-07-13 08:38:42	1	0	1	0
       17	2022-07-13 08:39:16	1	0	0	0
        7	2022-07-13 08:42:42	1	0	1	0
       11	2022-07-13 08:45:35	1	0	1	0
        3	2022-07-13 08:51:32	1	0	1	0
        3	2022-07-13 08:51:33	1	0	1	0
       13	2022-07-13 08:54:19	1	0	1	0
       13	2022-07-13 08:54:20	1	0	1	0
       12	2022-07-13 09:09:08	1	0	1	0
        7	2022-07-13 13:01:43	1	0	1	0
       17	2022-07-13 13:14:14	1	0	0	0
       18	2022-07-13 13:14:22	1	0	1	0
        6	2022-07-13 13:33:31	1	0	1	0
       17	2022-07-13 13:55:13	1	0	0	0
       18	2022-07-13 13:59:10	1	0	1	0
        6	2022-07-13 14:12:34	1	0	1	0
        8	2022-07-13 17:23:40	1	0	1	0
       13	2022-07-13 17:49:27	1	0	1	0
        6	2022-07-13 18:01:10	1	0	1	0
       17	2022-07-13 18:06:36	1	0	0	0
       18	2022-07-13 18:07:10	1	0	1	0
        7	2022-07-13 18:09:59	1	0	1	0
        2	2022-07-13 18:10:05	1	0	1	0
       16	2022-07-13 18:10:23	1	0	1	0
       11	2022-07-13 18:42:49	1	0	1	0
        8	2022-07-14 08:22:15	1	0	1	0
       16	2022-07-14 08:22:46	1	0	1	0
       18	2022-07-14 08:27:43	1	0	1	0
        2	2022-07-14 08:28:28	1	0	1	0
        6	2022-07-14 08:45:44	1	0	1	0
       12	2022-07-14 08:49:16	1	0	1	0
       12	2022-07-14 08:49:17	1	0	1	0
        7	2022-07-14 08:52:24	1	0	1	0
        3	2022-07-14 08:52:42	1	0	1	0
       17	2022-07-14 08:53:03	1	0	0	0
       11	2022-07-14 08:53:55	1	0	1	0
       13	2022-07-14 08:54:02	1	0	1	0
       17	2022-07-14 13:00:32	1	0	0	0
        7	2022-07-14 13:12:10	1	0	1	0
        7	2022-07-14 13:34:09	1	0	1	0
        6	2022-07-14 13:42:19	1	0	1	0
        2	2022-07-14 13:59:35	1	0	1	0
       18	2022-07-14 13:59:39	1	0	1	0
        9	2022-07-14 13:59:44	1	0	1	0
        9	2022-07-14 13:59:47	1	0	1	0
        8	2022-07-14 17:02:45	1	0	1	0
       18	2022-07-14 17:59:55	1	0	1	0
        2	2022-07-14 18:00:03	1	0	1	0
       17	2022-07-14 18:00:50	1	0	0	0
        9	2022-07-14 18:00:54	1	0	1	0
       13	2022-07-14 18:01:35	1	0	1	0
        3	2022-07-14 18:06:32	1	0	1	0
       16	2022-07-14 18:22:07	1	0	1	0
       10	2022-07-14 18:22:52	1	0	1	0
       11	2022-07-14 18:26:22	1	0	1	0
        6	2022-07-14 18:29:26	1	0	1	0
        7	2022-07-14 18:53:52	1	0	1	0
       10	2022-07-15 08:30:54	1	0	1	0
       18	2022-07-15 08:31:04	1	0	1	0
       16	2022-07-15 08:32:11	1	0	1	0
        2	2022-07-15 08:33:59	1	0	1	0
        8	2022-07-15 08:40:40	1	0	1	0
       12	2022-07-15 08:40:44	1	0	1	0
        3	2022-07-15 08:45:28	1	0	1	0
        6	2022-07-15 08:46:18	1	0	1	0
        7	2022-07-15 08:48:21	1	0	1	0
       13	2022-07-15 08:49:28	1	0	1	0
       11	2022-07-15 08:49:48	1	0	1	0
        4	2022-07-15 08:49:57	1	0	1	0
       17	2022-07-15 09:06:59	1	0	0	0
       17	2022-07-15 13:02:09	1	0	0	0
        7	2022-07-15 13:04:08	1	0	1	0
       18	2022-07-15 13:15:14	1	0	1	0
        6	2022-07-15 13:19:22	1	0	1	0
        7	2022-07-15 13:45:05	1	0	1	0
       17	2022-07-15 14:02:25	1	0	0	0
        8	2022-07-15 17:26:33	1	0	1	0
       18	2022-07-15 18:07:47	1	0	1	0
       13	2022-07-15 18:08:59	1	0	1	0
        2	2022-07-15 18:09:05	1	0	1	0
       11	2022-07-15 18:35:21	1	0	1	0
        6	2022-07-15 18:38:14	1	0	1	0
        7	2022-07-15 18:48:35	1	0	1	0
       16	2022-07-15 18:50:21	1	0	1	0
       16	2022-07-16 08:17:35	1	0	1	0
       18	2022-07-16 08:17:40	1	0	1	0
        2	2022-07-16 08:24:33	1	0	1	0
        8	2022-07-16 08:26:58	1	0	1	0
       12	2022-07-16 08:31:00	1	0	1	0
       11	2022-07-16 08:33:09	1	0	1	0
       10	2022-07-16 08:36:00	1	0	1	0
        3	2022-07-16 08:43:12	1	0	1	0
        7	2022-07-16 08:55:54	1	0	1	0
        6	2022-07-16 08:56:11	1	0	1	0
        9	2022-07-16 09:12:02	1	0	1	0
       17	2022-07-16 09:13:34	1	0	0	0
       18	2022-07-16 13:57:26	1	0	1	0
        8	2022-07-16 14:00:09	1	0	1	0
        9	2022-07-16 14:00:21	1	0	1	0
        9	2022-07-16 14:00:24	1	0	1	0
        7	2022-07-16 14:01:48	1	0	1	0
        6	2022-07-16 14:10:57	1	0	1	0
        3	2022-07-16 14:15:39	1	0	1	0
       18	2022-07-16 15:00:05	1	0	1	0
        2	2022-07-16 15:00:58	1	0	1	0
        9	2022-07-16 15:01:04	1	0	1	0
       17	2022-07-16 15:01:23	1	0	0	0
        2	2022-07-18 08:21:41	1	0	1	0
        7	2022-07-18 08:28:17	1	0	1	0
       18	2022-07-18 08:31:16	1	0	1	0
       10	2022-07-18 08:33:06	1	0	1	0
        6	2022-07-18 08:39:00	1	0	1	0
        3	2022-07-18 08:43:03	1	0	1	0
        3	2022-07-18 08:43:05	1	0	1	0
        9	2022-07-18 08:53:37	1	0	1	0
       16	2022-07-18 08:53:47	1	0	1	0
       12	2022-07-18 09:02:15	1	0	1	0
       17	2022-07-18 09:03:51	1	0	0	0
        4	2022-07-18 09:25:27	1	0	1	0
       11	2022-07-18 11:07:18	1	0	1	0
       18	2022-07-18 13:00:19	1	0	1	0
        6	2022-07-18 13:25:56	1	0	1	0
       17	2022-07-18 13:26:12	1	0	0	0
        8	2022-07-18 13:42:46	1	0	1	0
       18	2022-07-18 13:57:54	1	0	1	0
       17	2022-07-18 14:08:02	1	0	0	0
        8	2022-07-18 17:09:12	1	0	1	0
       17	2022-07-18 18:11:55	1	0	0	0
        9	2022-07-18 18:13:30	1	0	1	0
        2	2022-07-18 18:13:36	1	0	1	0
       18	2022-07-18 18:14:01	1	0	1	0
       16	2022-07-18 18:14:54	1	0	1	0
        7	2022-07-18 20:06:13	1	0	1	0
        2	2022-07-19 08:27:38	1	0	1	0
       10	2022-07-19 08:28:58	1	0	1	0
       18	2022-07-19 08:29:04	1	0	1	0
        8	2022-07-19 08:35:47	1	0	1	0
        3	2022-07-19 08:39:02	1	0	1	0
        7	2022-07-19 08:39:43	1	0	1	0
        4	2022-07-19 08:40:03	1	0	1	0
       17	2022-07-19 08:46:10	1	0	0	0
       16	2022-07-19 08:50:49	1	0	1	0
       13	2022-07-19 08:51:32	1	0	1	0
        6	2022-07-19 09:00:59	1	0	1	0
        9	2022-07-19 09:03:28	1	0	1	0
       11	2022-07-19 09:03:50	1	0	1	0
       12	2022-07-19 09:23:45	1	0	1	0
       17	2022-07-19 13:03:40	1	0	0	0
        7	2022-07-19 13:23:50	1	0	1	0
        6	2022-07-19 13:36:12	1	0	1	0
       18	2022-07-19 13:58:57	1	0	1	0
       17	2022-07-19 14:00:43	1	0	0	0
        6	2022-07-19 14:18:02	1	0	1	0
        7	2022-07-19 14:44:34	1	0	1	0
        8	2022-07-19 17:05:52	1	0	1	0
       18	2022-07-19 18:00:03	1	0	1	0
        2	2022-07-19 18:00:11	1	0	1	0
        9	2022-07-19 18:00:57	1	0	1	0
        3	2022-07-19 18:05:17	1	0	1	0
       17	2022-07-19 18:06:52	1	0	0	0
        7	2022-07-19 18:07:40	1	0	1	0
       13	2022-07-19 18:20:05	1	0	1	0
       11	2022-07-19 18:20:17	1	0	1	0
        4	2022-07-19 18:20:26	1	0	1	0
        6	2022-07-19 18:24:06	1	0	1	0
       16	2022-07-19 18:36:20	1	0	1	0
        8	2022-07-20 08:19:20	1	0	1	0
       16	2022-07-20 08:19:25	1	0	1	0
        2	2022-07-20 08:20:49	1	0	1	0
        7	2022-07-20 08:23:41	1	0	1	0
       10	2022-07-20 08:26:44	1	0	1	0
       18	2022-07-20 08:26:49	1	0	1	0
        6	2022-07-20 08:36:59	1	0	1	0
        3	2022-07-20 08:38:41	1	0	1	0
       17	2022-07-20 08:44:13	1	0	0	0
        9	2022-07-20 08:47:44	1	0	1	0
       12	2022-07-20 08:51:45	1	0	1	0
       12	2022-07-20 08:51:46	1	0	1	0
       13	2022-07-20 08:57:52	1	0	1	0
       11	2022-07-20 09:20:07	1	0	1	0
        4	2022-07-20 09:20:14	1	0	1	0
       10	2022-07-20 12:51:32	1	0	1	0
        2	2022-07-20 13:01:17	1	0	1	0
       18	2022-07-20 13:01:59	1	0	1	0
        6	2022-07-20 13:02:52	1	0	1	0
        7	2022-07-20 13:07:42	1	0	1	0
       17	2022-07-20 13:35:22	1	0	0	0
       18	2022-07-20 13:58:20	1	0	1	0
       18	2022-07-20 13:58:27	1	0	1	0
        9	2022-07-20 13:58:33	1	0	1	0
        6	2022-07-20 14:00:58	1	0	1	0
        7	2022-07-20 14:03:37	1	0	1	0
       17	2022-07-20 14:16:30	1	0	0	0
        8	2022-07-20 17:08:02	1	0	1	0
       17	2022-07-20 17:58:55	1	0	0	0
        6	2022-07-20 18:09:21	1	0	1	0
        9	2022-07-20 18:28:07	1	0	1	0
       16	2022-07-20 18:28:14	1	0	1	0
        4	2022-07-20 18:28:46	1	0	1	0
        7	2022-07-20 18:36:18	1	0	1	0
       13	2022-07-20 18:44:20	1	0	1	0
        8	2022-07-21 08:18:39	1	0	1	0
       10	2022-07-21 08:26:56	1	0	1	0
       18	2022-07-21 08:27:04	1	0	1	0
        2	2022-07-21 08:27:21	1	0	1	0
       16	2022-07-21 08:27:31	1	0	1	0
        6	2022-07-21 08:33:08	1	0	1	0
        7	2022-07-21 08:35:45	1	0	1	0
        4	2022-07-21 08:50:22	1	0	1	0
        3	2022-07-21 08:55:04	1	0	1	0
       13	2022-07-21 09:07:30	1	0	1	0
       17	2022-07-21 09:11:43	1	0	0	0
       12	2022-07-21 09:32:48	1	0	1	0
       11	2022-07-21 11:22:36	1	0	1	0
       17	2022-07-21 13:02:54	1	0	0	0
       18	2022-07-21 13:03:25	1	0	1	0
        6	2022-07-21 13:12:23	1	0	1	0
       18	2022-07-21 13:57:20	1	0	1	0
       17	2022-07-21 13:59:50	1	0	0	0
        9	2022-07-21 14:06:38	1	0	1	0
        9	2022-07-21 14:06:40	1	0	1	0
        8	2022-07-21 17:10:50	1	0	1	0
       13	2022-07-21 17:51:20	1	0	1	0
        2	2022-07-21 18:05:27	1	0	1	0
       18	2022-07-21 18:05:35	1	0	1	0
        3	2022-07-21 18:09:41	1	0	1	0
        7	2022-07-21 18:17:08	1	0	1	0
       16	2022-07-21 18:17:20	1	0	1	0
       11	2022-07-21 18:30:18	1	0	1	0
        4	2022-07-21 18:30:27	1	0	1	0
        9	2022-07-21 18:31:27	1	0	1	0
        8	2022-07-22 08:16:38	1	0	1	0
       16	2022-07-22 08:17:24	1	0	1	0
        2	2022-07-22 08:24:04	1	0	1	0
        7	2022-07-22 08:27:54	1	0	1	0
       18	2022-07-22 08:33:59	1	0	1	0
       18	2022-07-22 08:34:00	1	0	1	0
       10	2022-07-22 08:34:08	1	0	1	0
        6	2022-07-22 08:40:04	1	0	1	0
       12	2022-07-22 08:42:54	1	0	1	0
        3	2022-07-22 08:50:57	1	0	1	0
       13	2022-07-22 09:15:20	1	0	1	0
       11	2022-07-22 09:24:24	1	0	1	0
        4	2022-07-22 10:23:24	1	0	1	0
       18	2022-07-22 13:00:34	1	0	1	0
        7	2022-07-22 13:07:47	1	0	1	0
        6	2022-07-22 13:25:11	1	0	1	0
        7	2022-07-22 13:51:48	1	0	1	0
       18	2022-07-22 13:59:34	1	0	1	0
        9	2022-07-22 13:59:39	1	0	1	0
        9	2022-07-22 13:59:41	1	0	1	0
        6	2022-07-22 14:10:03	1	0	1	0
        8	2022-07-22 17:10:51	1	0	1	0
       13	2022-07-22 17:51:33	1	0	1	0
       11	2022-07-22 18:01:06	1	0	1	0
        7	2022-07-22 18:04:27	1	0	1	0
        4	2022-07-22 18:07:13	1	0	1	0
        6	2022-07-22 18:08:02	1	0	1	0
       18	2022-07-22 18:23:26	1	0	1	0
        2	2022-07-22 18:24:24	1	0	1	0
       16	2022-07-22 18:30:27	1	0	1	0
        9	2022-07-22 18:34:34	1	0	1	0
       10	2022-07-22 18:43:45	1	0	1	0
        8	2022-07-23 08:09:06	1	0	1	0
       17	2022-07-23 08:09:14	1	0	0	0
       16	2022-07-23 08:09:19	1	0	1	0
       18	2022-07-23 08:17:42	1	0	1	0
        7	2022-07-23 08:33:40	1	0	1	0
       10	2022-07-23 08:33:45	1	0	1	0
        2	2022-07-23 08:35:37	1	0	1	0
        4	2022-07-23 08:36:58	1	0	1	0
       11	2022-07-23 08:37:04	1	0	1	0
        3	2022-07-23 08:43:40	1	0	1	0
        6	2022-07-23 08:46:08	1	0	1	0
       12	2022-07-23 09:41:04	1	0	1	0
       18	2022-07-23 13:00:30	1	0	1	0
        7	2022-07-23 13:50:19	1	0	1	0
        8	2022-07-23 13:50:34	1	0	1	0
        3	2022-07-23 13:53:10	1	0	1	0
       18	2022-07-23 13:58:10	1	0	1	0
       17	2022-07-23 13:58:19	1	0	0	0
        6	2022-07-23 15:04:40	1	0	1	0
       11	2022-07-23 15:15:23	1	0	1	0
       10	2022-07-23 15:15:29	1	0	1	0
        4	2022-07-23 15:15:33	1	0	1	0
       18	2022-07-23 15:15:38	1	0	1	0
       16	2022-07-23 15:19:05	1	0	1	0
        8	2022-07-25 08:24:00	1	0	1	0
       18	2022-07-25 08:25:51	1	0	1	0
       17	2022-07-25 08:28:27	1	0	0	0
       16	2022-07-25 08:28:32	1	0	1	0
        2	2022-07-25 08:30:20	1	0	1	0
        4	2022-07-25 08:32:50	1	0	1	0
       12	2022-07-25 08:40:42	1	0	1	0
        6	2022-07-25 08:41:12	1	0	1	0
       10	2022-07-25 08:43:00	1	0	1	0
        7	2022-07-25 08:47:36	1	0	1	0
        3	2022-07-25 08:53:14	1	0	1	0
       13	2022-07-25 09:03:19	1	0	1	0
        9	2022-07-25 09:12:02	1	0	1	0
       11	2022-07-25 09:49:23	1	0	1	0
        7	2022-07-25 13:46:04	1	0	1	0
       18	2022-07-25 13:59:09	1	0	1	0
       17	2022-07-25 13:59:19	1	0	0	0
        6	2022-07-25 13:59:46	1	0	1	0
        7	2022-07-25 14:41:46	1	0	1	0
        8	2022-07-25 17:59:00	1	0	1	0
       17	2022-07-25 18:06:42	1	0	0	0
        6	2022-07-25 18:06:52	1	0	1	0
       13	2022-07-25 18:07:33	1	0	1	0
       18	2022-07-25 18:10:56	1	0	1	0
        7	2022-07-25 18:46:34	1	0	1	0
       11	2022-07-25 19:17:01	1	0	1	0
        4	2022-07-25 19:41:32	1	0	1	0
        2	2022-07-26 08:24:11	1	0	1	0
        8	2022-07-26 08:28:52	1	0	1	0
       16	2022-07-26 08:29:18	1	0	1	0
       10	2022-07-26 08:37:06	1	0	1	0
        6	2022-07-26 08:37:57	1	0	1	0
       12	2022-07-26 08:38:02	1	0	1	0
        3	2022-07-26 08:49:50	1	0	1	0
       17	2022-07-26 08:59:10	1	0	0	0
        9	2022-07-26 09:01:31	1	0	1	0
       11	2022-07-26 09:10:44	1	0	1	0
        4	2022-07-26 09:10:49	1	0	1	0
       13	2022-07-26 09:55:12	1	0	1	0
       18	2022-07-26 10:10:54	1	0	1	0
        6	2022-07-26 12:59:20	1	0	1	0
       17	2022-07-26 13:14:39	1	0	0	0
        7	2022-07-26 13:24:34	1	0	1	0
       18	2022-07-26 13:58:25	1	0	1	0
        6	2022-07-26 14:00:43	1	0	1	0
       17	2022-07-26 14:01:39	1	0	0	0
        9	2022-07-26 14:03:27	1	0	1	0
        9	2022-07-26 14:03:29	1	0	1	0
        7	2022-07-26 14:16:26	1	0	1	0
       17	2022-07-26 17:58:40	1	0	0	0
        6	2022-07-26 18:00:10	1	0	1	0
        2	2022-07-26 18:00:14	1	0	1	0
       18	2022-07-26 18:00:18	1	0	1	0
        8	2022-07-26 18:00:25	1	0	1	0
       13	2022-07-26 18:02:21	1	0	1	0
       10	2022-07-26 18:02:37	1	0	1	0
        3	2022-07-26 18:04:28	1	0	1	0
       11	2022-07-26 18:25:00	1	0	1	0
        4	2022-07-26 18:25:08	1	0	1	0
       16	2022-07-26 18:28:26	1	0	1	0
        7	2022-07-26 18:30:58	1	0	1	0
        9	2022-07-26 18:38:36	1	0	1	0
       18	2022-07-27 08:24:32	1	0	1	0
        8	2022-07-27 08:25:41	1	0	1	0
        3	2022-07-27 08:26:42	1	0	1	0
        2	2022-07-27 08:28:48	1	0	1	0
       10	2022-07-27 08:37:57	1	0	1	0
       12	2022-07-27 08:39:12	1	0	1	0
        6	2022-07-27 08:39:30	1	0	1	0
        7	2022-07-27 08:51:35	1	0	1	0
       17	2022-07-27 08:58:45	1	0	0	0
        9	2022-07-27 09:09:36	1	0	1	0
       16	2022-07-27 09:20:02	1	0	1	0
       11	2022-07-27 09:24:54	1	0	1	0
        4	2022-07-27 09:24:58	1	0	1	0
       13	2022-07-27 09:31:28	1	0	1	0
